0 0.5196428571428571 0.08928571428571433 0.03571428571428578 0.04999999999999999
0 0.31294642857142857 0.5738095238095239 0.03660714285714289 0.05238095238095237
0 0.04955357142857143 0.6464285714285714 0.03303571428571428 0.04761904761904763
0 0.14196428571428568 0.22202380952380957 0.035714285714285705 0.058333333333333334
0 0.08214285714285714 0.15059523809523814 0.03214285714285714 0.03452380952380954
0 0.04107142857142857 0.2315476190476191 0.023214285714285722 0.04404761904761907
0 0.017410714285714293 0.2041666666666667 0.02053571428571428 0.058333333333333334
0 0.39598214285714284 0.7738095238095238 0.040178571428571445 0.021428571428571408
0 0.38973214285714286 0.8047619047619049 0.040178571428571445 0.03809523809523807
0 0.39419642857142856 0.8333333333333334 0.02410714285714289 0.03333333333333333
0 0.40491071428571435 0.9601190476190478 0.038392857142857166 0.03452380952380963
0 0.025 0.8595238095238095 0.04464285714285714 0.06428571428571422
0 0.05223214285714286 0.7380952380952382 0.022321428571428582 0.0261904761904763
0 0.023214285714285722 0.7095238095238094 0.028571428571428584 0.05952380952380971