0 0.6528350515463918 0.2757731958762887 0.013402061855670127 0.016151202749140905
0 0.6600515463917526 0.1589347079037801 0.01082474226804129 0.016151202749140888
0 0.7106958762886597 0.18505154639175256 0.009536082474226873 0.016151202749140905
0 0.7625 0.23900343642611685 0.009020618556701039 0.018213058419243984
0 0.7572164948453608 0.25584192439862546 0.008762886597938063 0.007903780068728527
0 0.6791237113402062 0.34759450171821304 0.005154639175257671 0.012027491408934717
0 0.7128865979381444 0.4932989690721649 0.008762886597938063 0.016838487972508573
0 0.6070876288659794 0.5912371134020619 0.008505154639175203 0.010652920962199308
0 0.6016752577319587 0.5986254295532646 0.008505154639175203 0.00824742268041238
0 0.7146907216494846 0.7525773195876289 0.007216494845360785 0.014432989690721721
0 0.6800257731958763 0.7762886597938143 0.010051546391752595 0.015120274914089198
0 0.6811855670103093 0.7958762886597939 0.006701030927835063 0.013058419243986312
0 0.027190721649484537 0.8575601374570446 0.005412371134020617 0.014776632302405536
0 0.2630769230769231 0.7378205128205128 0.010384615384615416 0.008974358974358892
0 0.14951923076923077 0.6546153846153846 0.007115384615384613 0.010769230769230793
0 0.16903846153846155 0.6524358974358975 0.006538461538461519 0.00589743589743595
0 0.17769230769230768 0.642051282051282 0.00884615384615384 0.010769230769230717
0 0.09490384615384616 0.6464102564102564 0.008653846153846146 0.009230769230769284
0 0.09894230769230768 0.6414102564102564 0.006346153846153854 0.007948717948718013
0 0.019903846153846154 0.8462820512820513 0.007115384615384613 0.004871794871794919
0 0.015384615384615385 0.837948717948718 0.00576923076923077 0.010769230769230793
0 0.12112831858407078 0.3657817109144542 0.00995575221238937 0.010619469026548662
0 0.5985619469026549 0.22418879056047195 0.011283185840707916 0.018289085545722703
0 0.7563053097345133 0.2989675516224189 0.008185840707964643 0.016814159292035395
0 0.6796695402298851 0.46810344827586203 0.007902298850574765 0.010536398467432945
0 0.9910919540229884 0.30881226053639843 0.005747126436781627 0.014942528735632208
0 0.9943247126436782 0.2946360153256705 0.0070402298850574425 0.014942528735632172
0 0.9862787356321839 0.3365900383141763 0.007327586206896626 0.01647509578544066