0 0.3184895833333334 0.14722222222222223 0.028645833333333315 0.04027777777777779
0 0.4924479166666667 0.31319444444444444 0.0359375 0.04583333333333333
0 0.41796875 0.43402777777777785 0.030729166666666686 0.05416666666666667
0 0.5807291666666667 0.4006944444444445 0.03645833333333337 0.05555555555555558
0 0.4552083333333334 0.5204861111111112 0.03125 0.04652777777777775
0 0.60546875 0.6107638888888889 0.04322916666666663 0.027083333333333334
0 0.6135416666666668 0.5704861111111111 0.04270833333333337 0.03958333333333333
0 0.8002604166666667 0.49861111111111117 0.02864583333333337 0.04722222222222225
0 0.81875 0.5034722222222222 0.02291666666666663 0.04583333333333333
0 0.3427083333333334 0.7784722222222223 0.03854166666666668 0.04583333333333333
0 0.20442708333333334 0.7628472222222223 0.03177083333333332 0.03680555555555551
0 0.2026041666666667 0.7885416666666667 0.030208333333333344 0.024305555555555504
0 0.18229166666666669 0.7704861111111112 0.034375 0.03125
0 0.16015625 0.7604166666666666 0.031770833333333345 0.023611111111111163
0 0.14453125 0.7434027777777779 0.02760416666666666 0.028472222222222322
0 0.6434895833333334 0.8809027777777778 0.03697916666666674 0.03125
0 0.06432291666666667 0.8579861111111111 0.025520833333333343 0.04375
0 0.07291666666666667 0.970138888888889 0.03229166666666666 0.03888888888888884
0 0.11302083333333335 0.7059027777777779 0.015625 0.028472222222222322
0 0.09817708333333335 0.6277777777777779 0.02447916666666667 0.026388888888888913
0 0.07213541666666667 0.5100694444444445 0.021354166666666664 0.029861111111111085
0 0.03828125 0.2607638888888889 0.0328125 0.03402777777777779