0 0.32436440677966105 0.23728813559322035 0.019067796610169524 0.02372881355932206
0 0.511864406779661 0.12598870056497175 0.02372881355932202 0.019209039548022586
0 0.3059322033898305 0.11892655367231639 0.01864406779661016 0.025423728813559327
0 0.2614406779661017 0.23531073446327685 0.017796610169491488 0.015254237288135604
0 0.1379237288135593 0.2073446327683616 0.019067796610169496 0.015819209039548015
0 0.1281779661016949 0.057062146892655374 0.013983050847457618 0.021468926553672312
0 0.11504237288135595 0.16779661016949152 0.021610169491525427 0.025988700564971757
0 0.1292372881355932 0.13926553672316386 0.015254237288135585 0.019774011299435037
0 0.15783898305084748 0.1573446327683616 0.014830508474576277 0.01638418079096044
0 0.036864406779661026 0.11355932203389829 0.01016949152542373 0.021468926553672323
0 0.02817796610169492 0.12175141242937855 0.010593220338983052 0.02316384180790959
0 0.017161016949152542 0.0192090395480226 0.008898305084745765 0.006779661016949153
0 0.018008474576271187 0.03220338983050847 0.011440677966101695 0.02146892655367232
0 0.5385204081632653 0.7989795918367347 0.018877551020408192 0.02517006802721077
0 0.5678571428571428 0.7350340136054423 0.023469387755102048 0.038775510204081605