0 0.41194620253164554 0.32542194092827004 0.010917721518987377 0.006962025316455689
0 0.447626582278481 0.33080168776371305 0.004430379746835456 0.014767932489451482
0 0.47444620253164554 0.35305907172995776 0.0033227848101265636 0.008227848101265863
0 0.4799841772151899 0.29377637130801687 0.005221518987341767 0.010337552742616026
0 0.43314873417721517 0.27689873417721517 0.004905063291139242 0.01329113924050633
0 0.4712816455696202 0.255168776371308 0.003639240506329145 0.011603375527426163
0 0.463370253164557 0.259704641350211 0.008386075949367125 0.010126582278481048
0 0.22861842105263155 0.37017543859649116 0.0028508771929824663 0.013450292397660784
0 0.22807017543859648 0.32850877192982453 0.005701754385964933 0.006140350877192987
0 0.2447368421052631 0.3083333333333333 0.006140350877192987 0.019005847953216366
0 0.37182017543859647 0.3059941520467836 0.007675438596491233 0.006725146198830392
0 0.3664473684210526 0.2982456140350877 0.003947368421052601 0.011695906432748529
0 0.2015350877192982 0.5514619883040935 0.00789473684210526 0.0076023391812865765
0 0.18969298245614033 0.49093567251461984 0.004385964912280713 0.008771929824561387
0 0.19967105263157892 0.4752923976608186 0.005482456140350877 0.012573099415204675
0 0.256359649122807 0.485672514619883 0.004824561403508767 0.012865497076023455
0 0.3610745614035087 0.5519005847953216 0.008114035087719287 0.009649122807017496
0 0.47708333333333325 0.5809941520467835 0.008114035087719287 0.01052631578947368
0 0.5382675438596491 0.6166666666666667 0.01074561403508767 0.005847953216374283
0 0.5362938596491229 0.5641812865497076 0.0037280701754385747 0.01198830409356727
0 0.5095394736842105 0.5578947368421052 0.008552631578947398 0.012280701754385974
0 0.5115131578947367 0.5489766081871345 0.010307017543859672 0.00906432748538009
0 0.46436403508771923 0.5282163742690057 0.008114035087719287 0.010818713450292384
0 0.44078947368421045 0.5119883040935672 0.009649122807017534 0.006432748538011765
0 0.4683114035087718 0.44576023391812863 0.007675438596491233 0.01549707602339178
0 0.44692982456140345 0.4767543859649122 0.003947368421052601 0.00906432748538009
0 0.43464912280701745 0.4837719298245614 0.006578947368421041 0.006140350877192987
0 0.4351973684210526 0.452485380116959 0.00460526315789474 0.009064327485380165
0 0.3945175438596491 0.5940058479532163 0.00789473684210526 0.009649122807017572
0 0.3963815789473683 0.5869883040935672 0.010745614035087727 0.006140350877192987
0 0.3985745614035087 0.6330409356725145 0.008991228070175453 0.012865497076023379
0 0.4265350877192982 0.652485380116959 0.006140350877192987 0.013742690058479563
0 0.4375 0.6621345029239766 0.0105263157894737 0.008479532163742684
0 0.39725877192982456 0.6520467836257309 0.008991228070175395 0.005263157894736802
0 0.39813596491228065 0.6577485380116959 0.006798245614035068 0.004385964912280694
0 0.4319078947368421 0.08932748538011695 0.006359649122807014 0.01315789473684211
0 0.41875 0.10628654970760233 0.008114035087719287 0.008479532163742703
0 0.3655701754385965 0.10116959064327485 0.0070175438596491516 0.012865497076023398
0 0.4239035087719297 0.03932748538011696 0.006578947368421097 0.011988304093567256