0 0.6340909090909091 0.1263257575757576 0.010795454545454504 0.01704545454545454
0 0.5036931818181818 0.07973484848484848 0.011363636363636374 0.015530303030303031
0 0.3869318181818182 0.23143939393939392 0.013636363636363625 0.014393939393939377
0 0.3894886363636364 0.28674242424242424 0.010795454545454561 0.02727272727272725
0 0.7529829545454545 0.18560606060606058 0.015625 0.019696969696969706
0 0.6933238636363637 0.37310606060606066 0.005965909090909008 0.014393939393939414
0 0.6634943181818183 0.3814393939393939 0.011079545454545382 0.021969696969696997
0 0.6535511363636364 0.359280303030303 0.011079545454545496 0.01931818181818183
0 0.65625 0.34621212121212125 0.011931818181818243 0.019696969696969706
0 0.5053977272727272 0.39905303030303035 0.006818181818181813 0.018560606060606083
0 0.5004261363636364 0.4005681818181818 0.007102272727272748 0.005681818181818168
0 0.5078125 0.5285984848484848 0.009375 0.020075757575757584
0 0.5044034090909091 0.5518939393939394 0.007670454545454561 0.021969696969696997
0 0.46974431818181817 0.730871212121212 0.011647727272727252 0.022348484848484836
0 0.4345170454545455 0.8039772727272727 0.006534090909090935 0.0125
0 0.4421875 0.8089015151515152 0.00994318181818187 0.015530303030303002
0 0.5132102272727272 0.7818181818181819 0.006534090909090935 0.022727272727272672
0 0.5173295454545455 0.8225378787878787 0.007954545454545383 0.02159090909090916
0 0.5164772727272727 0.7981060606060607 0.009659090909090878 0.017424242424242495
0 0.45227272727272727 0.8384469696969696 0.007386363636363626 0.013257575757575675
0 0.45795454545454545 0.8549242424242424 0.008522727272727251 0.01439393939393949
0 0.4637784090909091 0.8714015151515152 0.01107954545454544 0.016287878787878678
0 0.4482954545454545 0.9151515151515152 0.010795454545454561 0.018939393939393995
0 0.5186079545454545 0.8486742424242424 0.011079545454545382 0.01628787878787883
0 0.6742897727272728 0.8022727272727274 0.004261363636363626 0.015151515151515166
0 0.6723011363636364 0.7320075757575757 0.009375 0.024621212121212162
0 0.6769886363636364 0.7638257575757577 0.010795454545454504 0.023863636363636486
0 0.6789772727272727 0.816098484848485 0.007954545454545495 0.014015151515151501
0 0.702840909090909 0.8958333333333334 0.009659090909090878 0.01590909090909099
0 0.7129261363636362 0.9206439393939393 0.010511363636363626 0.023863636363636337
0 0.85 0.14458333333333334 0.01375 0.0275
0 0.8440625 0.2325 0.013125 0.028333333333333332
0 0.8589430894308944 0.3288617886178862 0.008943089430894247 0.014363143631436325
0 0.8651422764227643 0.32710027100271 0.008333333333333371 0.012466124661246605
0 0.8683943089430896 0.3432249322493225 0.008333333333333371 0.012737127371273686
0 0.671239837398374 0.4204607046070461 0.010772357723577215 0.014905149051490525
0 0.6702235772357724 0.43509485094850947 0.007926829268292749 0.023035230352303492
0 0.7366869918699187 0.4560975609756097 0.011178861788617838 0.017344173441734407
0 0.7390243902439024 0.4490514905149051 0.00731707317073176 0.011924119241192405
0 0.34805555555555556 0.375 0.008888888888888915 0.017407407407407392
0 0.28583333333333333 0.14185185185185184 0.009444444444444457 0.01777777777777779
0 0.2538888888888889 0.03648148148148148 0.011111111111111143 0.018888888888888886