0 0.6106770833333333 0.43402777777777773 0.12499999999999993 0.08796296296296295
0 0.7964409722222221 0.2326388888888889 0.078125 0.08796296296296295
0 0.8407118055555555 0.2743055555555555 0.06944444444444443 0.09490740740740738
0 0.9344618055555556 0.3125 0.078125 0.18287037037037038
0 0.9118923611111112 0.4606481481481482 0.13888888888888887 0.10185185185185186
0 0.592013888888889 0.5572916666666666 0.10850694444444443 0.07291666666666667
0 0.5785590277777779 0.6417824074074074 0.11979166666666671 0.07523148148148152
0 0.640625 0.7019675925925926 0.09635416666666657 0.06828703703703705
0 0.1775173611111111 0.8784722222222223 0.09548611111111115 0.18287037037037038
0 0.2760416666666667 0.9074074074074074 0.1397569444444445 0.11111111111111115
0 0.11154513888888888 0.8680555555555556 0.1267361111111111 0.12268518518518524
0 0.08637152777777776 0.935763888888889 0.1111111111111111 0.10995370370370362