0 0.9665178571428571 0.29345238095238096 0.01875 0.03690476190476189
0 0.7227678571428571 0.5291666666666667 0.03125 0.051190476190476224
0 0.34866071428571427 0.6208333333333333 0.02589285714285711 0.051190476190476224
0 0.9772321428571428 0.5630952380952381 0.02410714285714289 0.019047619047619112
0 0.3196428571428571 0.8279761904761905 0.03928571428571428 0.02976190476190474
0 0.8927083333333333 0.36041666666666666 0.02291666666666674 0.01944444444444442
0 0.875 0.7802083333333333 0.034375 0.035416666666666666
0 0.87734375 0.7402777777777778 0.01197916666666663 0.029166666666666667
0 0.8255208333333334 0.6253472222222223 0.030208333333333257 0.028472222222222173
0 0.8270833333333334 0.6454861111111112 0.016666666666666743 0.03958333333333333
0 0.7309895833333334 0.7815972222222223 0.0171875 0.03958333333333333
0 0.74375 0.7878472222222224 0.015625 0.022916666666666665
0 0.5919270833333333 0.84375 0.018229166666666744 0.02777777777777783
0 0.6291666666666668 0.8541666666666666 0.01666666666666663 0.023611111111111163
0 0.4135416666666667 0.85 0.015625 0.04722222222222217
0 0.4252604166666667 0.8434027777777778 0.0140625 0.03263888888888899
0 0.7684895833333334 0.8604166666666667 0.015104166666666743 0.02222222222222217
0 0.7817708333333334 0.8743055555555557 0.016666666666666743 0.04027777777777783
0 0.8013020833333334 0.8989583333333333 0.024479166666666743 0.02152777777777783
0 0.8869791666666668 0.903125 0.014583333333333372 0.03125
0 0.90859375 0.8902777777777778 0.0234375 0.03611111111111101
0 0.8895833333333334 0.6913194444444445 0.020833333333333256 0.022916666666666665
0 0.9098958333333333 0.6940972222222224 0.019791666666666742 0.03402777777777783
0 0.8911458333333334 0.7100694444444445 0.027083333333333258 0.02986111111111101
0 0.9013020833333334 0.7194444444444444 0.018229166666666744 0.027777777777777676
0 0.9234375 0.6850694444444445 0.03125 0.03263888888888899
0 0.934375 0.5892361111111112 0.015625 0.027083333333333334
0 0.9395833333333333 0.5788194444444444 0.01875 0.028472222222222246
0 0.9330729166666667 0.5565972222222223 0.02552083333333337 0.02986111111111116
0 0.3197916666666667 0.9868055555555556 0.01875 0.02222222222222217
0 0.578125 0.9788194444444445 0.0375 0.03819444444444434
0 0.46875 0.9302083333333333 0.016666666666666687 0.01875
0 0.46223958333333337 0.9809027777777778 0.0234375 0.03125
0 0.471875 0.9694444444444444 0.015625 0.027777777777777676
0 0.4783854166666667 0.9569444444444445 0.036979166666666625 0.030555555555555655