0 0.2533854166666667 0.707638888888889 0.015104166666666656 0.020833333333333332
0 0.27786458333333336 0.7253472222222224 0.021354166666666684 0.03125
0 0.3106770833333334 0.8010416666666667 0.025520833333333316 0.027083333333333334
0 0.3388020833333334 0.8430555555555557 0.0296875 0.02222222222222217
0 0.14869791666666668 0.7559027777777778 0.04531250000000001 0.03819444444444434
0 0.4044270833333334 0.938888888888889 0.038020833333333316 0.044444444444444495
0 0.76171875 0.813888888888889 0.01614583333333337 0.03472222222222217
0 0.6856770833333333 0.8659722222222224 0.018229166666666744 0.023611111111111163
0 0.6903645833333334 0.8815972222222224 0.0171875 0.020138888888888838
0 0.6752604166666667 0.9680555555555557 0.02135416666666663 0.020833333333333332
0 0.7736979166666668 0.9222222222222223 0.02447916666666663 0.02222222222222217
0 0.7953125 0.910763888888889 0.0125 0.024305555555555504
0 0.81015625 0.9131944444444445 0.015104166666666629 0.030555555555555655
0 0.7875 0.9427083333333334 0.025 0.020138888888888838
0 0.8122395833333333 0.9413194444444445 0.019270833333333258 0.028472222222222322
0 0.9567708333333333 0.9819444444444445 0.021875 0.03333333333333333
0 0.9770833333333334 0.7413194444444445 0.015625 0.027083333333333334