0 0.3451923076923077 0.41 0.01884615384615381 0.015897435897435874
0 0.2730769230769231 0.3071794871794871 0.01846153846153851 0.03589743589743591
0 0.25134615384615383 0.32256410256410256 0.01269230769230768 0.04
0 0.2380769230769231 0.33717948717948715 0.015384615384615387 0.03743589743589742
0 0.24307692307692308 0.4023076923076922 0.02230769230769232 0.04564102564102564
0 0.4194230769230769 0.10666666666666667 0.027307692307692265 0.030769230769230774
0 0.34211538461538465 0.016153846153846154 0.019615384615384583 0.03230769230769231
0 0.35346153846153844 0.029743589743589743 0.009230769230769226 0.019487179487179485
0 0.5548076923076922 0.8366666666666667 0.014230769230769283 0.021025641025640956
0 0.5569230769230769 0.8558974358974358 0.020769230769230717 0.02256410256410254
0 0.5451923076923076 0.8671794871794871 0.02038461538461536 0.02051282051282063
0 0.5823076923076923 0.8707692307692307 0.030769230769230715 0.024615384615384605
0 0.27903846153846157 0.5323076923076923 0.016538461538461547 0.018461538461538415
0 0.02192307692307692 0.4723076923076923 0.013076923076923076 0.035897435897435874
0 0.04211538461538461 0.4135897435897436 0.014230769230769226 0.02307692307692302
0 0.08557692307692306 0.3776923076923077 0.01807692307692308 0.02
0 0.045384615384615384 0.3646153846153846 0.01153846153846154 0.013333333333333334
0 0.05346153846153846 0.37461538461538463 0.011538461538461532 0.01692307692307698
0 0.027910958904109592 0.6054794520547945 0.00856164383561644 0.021917808219178065
0 0.020205479452054795 0.6178082191780823 0.012328767123287671 0.03561643835616443
0 0.011472602739726029 0.6166666666666667 0.009246575342465754 0.030593607305936073
0 0.028767123287671233 0.9205479452054793 0.017808219178082195 0.024657534246575324
0 0.046746575342465756 0.9710045662100456 0.020890410958904114 0.030593607305936073
0 0.31284246575342467 0.9684931506849316 0.035958904109589074 0.025570776255707795
0 0.8681506849315069 0.22442922374429225 0.01780821917808214 0.03698630136986299
0 0.7397260273972603 0.11917808219178083 0.014383561643835606 0.029223744292237445
0 0.9796232876712329 0.12328767123287672 0.016780821917808227 0.0319634703196347
0 0.8948630136986302 0.09931506849315068 0.01643835616438355 0.023287671232876714
0 0.8885273972602741 0.12465753424657534 0.015410958904109635 0.025570776255707757
0 0.9020547945205479 0.14474885844748858 0.017808219178082254 0.034703196347031964
0 0.8898972602739726 0.04634703196347032 0.016780821917808227 0.01872146118721461
0 0.9616438356164383 0.030136986301369864 0.014383561643835606 0.030136986301369868
0 0.9693493150684932 0.018264840182648404 0.01541095890410952 0.017351598173515982
0 0.8779109589041096 0.02557077625570776 0.012671232876712337 0.03287671232876712
0 0.8907534246575343 0.025114155251141555 0.0171232876712329 0.02374429223744292
0 0.7773972602739726 0.8075342465753425 0.028767123287671212 0.027853881278538817
0 0.8313356164383563 0.8979452054794521 0.035958904109589074 0.017808219178082254
0 0.8263698630136987 0.9294520547945206 0.016438356164383664 0.025114155251141558
0 0.8539383561643835 0.9520547945205481 0.027054794520547945 0.026484018264840262