0 0.1534375 0.6925 0.029375 0.03333333333333333
0 0.0875 0.6277083333333333 0.02375 0.029583333333333333
0 0.10703125 0.5354166666666667 0.0240625 0.03
0 0.12828125 0.574375 0.0303125 0.04541666666666667
0 0.20515625 0.5535416666666667 0.0228125 0.01875
0 0.2103125 0.598125 0.026875 0.052083333333333336
0 0.14796875 0.7997916666666667 0.0271875 0.03958333333333333
0 0.194375 0.8091666666666667 0.01875 0.041666666666666664
0 0.219375 0.8135416666666667 0.026875 0.027083333333333334
0 0.10625 0.8302083333333333 0.016875 0.02125
0 0.11625 0.8545833333333334 0.019375 0.025833333333333333
0 0.30953125 0.8060416666666667 0.0315625 0.024583333333333332
0 0.30484375 0.82625 0.0240625 0.021666666666666667
0 0.05 0.9529166666666666 0.03375 0.0225
0 0.0378125 0.973125 0.024375 0.02125
0 0.01390625 0.458125 0.0159375 0.012916666666666667
0 0.44671875 0.39895833333333336 0.0359375 0.037083333333333336
0 0.41671875 0.434375 0.0234375 0.044583333333333336
0 0.42953125 0.425 0.0271875 0.025833333333333333
0 0.44296875 0.446875 0.0253125 0.024583333333333332
0 0.503125 0.4508333333333333 0.028125 0.0325
0 0.51796875 0.4775 0.0190625 0.04666666666666667
0 0.5365625 0.4822916666666667 0.011875 0.032916666666666664
0 0.72 0.5225 0.031875 0.0325
0 0.66859375 0.583125 0.0328125 0.03875
0 0.6178125 0.6264583333333333 0.029375 0.025416666666666667
0 0.56640625 0.6008333333333333 0.0415625 0.0325
0 0.541875 0.6035416666666666 0.024375 0.03208333333333333
0 0.62109375 0.8075 0.0165625 0.04083333333333333
0 0.6371875 0.7983333333333333 0.0175 0.0325
0 0.8731164383561644 0.6223744292237443 0.026369863013698706 0.05844748858447489
0 0.8243150684931506 0.7143835616438357 0.03287671232876721 0.04794520547945194
0 0.8032534246575342 0.7511415525114156 0.03047945205479448 0.0374429223744293
0 0.8335616438356165 0.8050228310502283 0.019863013698630083 0.01826484018264834
0 0.8607876712328767 0.808675799086758 0.044863013698630085 0.03470319634703204
0 0.8146153846153845 0.2251282051282051 0.01692307692307702 0.03179487179487182
0 0.8369230769230769 0.024615384615384612 0.039230769230769284 0.03282051282051282