0 0.34004237288135597 0.17796610169491525 0.014830508474576277 0.023728813559322038
0 0.31504237288135595 0.17146892655367235 0.016525423728813562 0.025423728813559327
0 0.19555084745762713 0.31779661016949157 0.025 0.027683615819209043
0 0.09152542372881356 0.2446327683615819 0.01864406779661016 0.031638418079096065
0 0.15995762711864409 0.1305084745762712 0.017372881355932207 0.027118644067796613
0 0.27860169491525427 0.8384180790960453 0.017372881355932235 0.03276836158192085
0 0.24279661016949156 0.6556497175141244 0.025423728813559306 0.024293785310734468
0 0.23241525423728815 0.6203389830508476 0.020762711864406782 0.016949152542372833
0 0.411228813559322 0.6954802259887007 0.026694915254237287 0.029378531073446387
0 0.6207627118644068 0.6511299435028249 0.022033898305084676 0.028813559322033902
0 0.6798728813559323 0.9172316384180792 0.019915254237288082 0.024293785310734468
0 0.7917372881355932 0.8539548022598871 0.019915254237288196 0.032203389830508515
0 0.6455508474576271 0.807909604519774 0.01822033898305085 0.029378531073446235
0 0.6555084745762713 0.7855932203389832 0.021186440677966063 0.02768361581920908
0 0.9148305084745764 0.8330508474576273 0.019491525423728832 0.02316384180790965
0 0.9387711864406781 0.7384180790960451 0.019067796610169465 0.02259887005649716
0 0.7252118644067796 0.9107344632768362 0.02245762711864404 0.015819209039548088
0 0.7260593220338983 0.9234463276836159 0.019915254237288196 0.015254237288135604
0 0.21843220338983052 0.024576271186440683 0.01567796610169492 0.02090395480225989