0 0.5044642857142857 0.3535714285714286 0.04464285714285711 0.052380952380952334
0 0.4151785714285714 0.5190476190476191 0.035714285714285664 0.047619047619047554
0 0.5513392857142857 0.613095238095238 0.00803571428571422 0.05714285714285718
0 0.47857142857142854 0.5601190476190475 0.025 0.0392857142857143
0 0.4544642857142857 0.5779761904761904 0.014285714285714334 0.041666666666666664
0 0.5683035714285714 0.6244047619047619 0.020535714285714334 0.03214285714285711
0 0.9209821428571429 0.5595238095238095 0.043750000000000115 0.04047619047619044
0 0.9285714285714286 0.5922619047619048 0.030357142857142888 0.03928571428571422
0 0.8361607142857143 0.8803571428571428 0.02946428571428578 0.055952380952380885
0 0.6022321428571429 0.8470238095238095 0.027678571428571445 0.0511904761904763
0 0.3678571428571428 0.8744047619047619 0.04107142857142856 0.06309523809523823
0 0.14553571428571427 0.7767857142857144 0.03928571428571432 0.02023809523809526
0 0.2017857142857143 0.9011904761904761 0.025 0.04047619047619037
0 0.21785714285714286 0.9041666666666667 0.028571428571428612 0.039285714285714375
0 0.11741071428571427 0.9208333333333333 0.04017857142857143 0.03452380952380948
0 0.12276785714285714 0.9428571428571428 0.022321428571428596 0.04285714285714297
0 0.13616071428571427 0.8065476190476191 0.024107142857142876 0.025
0 0.18035714285714285 0.799404761904762 0.021428571428571387 0.022619047619047705
0 0.159375 0.8202380952380952 0.02589285714285711 0.03095238095238104
0 0.14285714285714285 0.8363095238095238 0.019642857142857167 0.039285714285714375
0 0.6120535714285713 0.8815476190476189 0.03482142857142855 0.04404761904761911
0 0.6508928571428572 0.8738095238095238 0.03392857142857133 0.04761904761904771
0 0.6799107142857143 0.8863095238095239 0.03125 0.04642857142857141
0 0.7040178571428571 0.8767857142857144 0.033035714285714224 0.058333333333333334