0 0.23046875 0.27291666666666664 0.0103125 0.015833333333333335
0 0.4834375 0.33395833333333336 0.010625 0.01125
0 0.36484375 0.4225 0.0134375 0.016666666666666666
0 0.27265625 0.41770833333333335 0.0115625 0.01875
0 0.5709375 0.2814583333333333 0.0125 0.01875
0 0.57140625 0.205 0.0065625 0.020833333333333332
0 0.586875 0.3277083333333333 0.008125 0.01375
0 0.32171875 0.5604166666666667 0.0115625 0.025833333333333333
0 0.34796875 0.7145833333333333 0.0159375 0.018333333333333333
0 0.4784375 0.6377083333333333 0.008125 0.019583333333333335
0 0.485625 0.639375 0.01 0.017083333333333332
0 0.5496875 0.785 0.01 0.0175
0 0.5384375 0.7947916666666667 0.005 0.01625
0 0.48234375 0.7954166666666667 0.0065625 0.010833333333333334
0 0.5246875 0.8116666666666666 0.0075 0.0175
0 0.54125 0.8327083333333334 0.01125 0.017916666666666668
0 0.6349557522123894 0.07028023598820057 0.0077433628318584625 0.012536873156342181
0 0.6404867256637167 0.087905604719764 0.005973451327433622 0.014749262536873156
0 0.8109513274336282 0.00892330383480826 0.006194690265486656 0.010766961651917404
0 0.7110576923076923 0.02613960113960114 0.0041666666666666284 0.009544159544159546
0 0.7138888888888889 0.041666666666666664 0.008333333333333257 0.013817663817663814
0 0.7204059829059829 0.07022792022792022 0.007264957264957275 0.01424501424501425
0 0.245375 0.10083333333333333 0.00925 0.017666666666666667
0 0.185 0.027166666666666665 0.012 0.015666666666666666
0 0.129875 0.007666666666666666 0.00675 0.011333333333333334
0 0.129125 0.019666666666666666 0.00575 0.01