0 0.4372641509433962 0.12421383647798742 0.022641509433962256 0.03836477987421383
0 0.39033018867924524 0.0220125786163522 0.01556603773584908 0.015094339622641506
0 0.7549528301886792 0.22232704402515718 0.01839622641509436 0.039622641509433947
0 0.8726415094339622 0.390566037735849 0.010377358490566053 0.03647798742138366
0 0.9068396226415094 0.2685534591194968 0.008962264150943384 0.02893081761006287
0 0.8733490566037735 0.11666666666666667 0.02028301886792451 0.042138364779874204
0 0.8950471698113207 0.14559748427672956 0.01650943396226421 0.03836477987421385
0 0.9563679245283019 0.06729559748427673 0.015566037735849022 0.023899371069182395
0 0.9594339622641509 0.10817610062893081 0.013207547169811278 0.040251572327044016
0 0.9738207547169812 0.09465408805031446 0.008018867924528309 0.014465408805031454
0 0.9625 0.04371069182389937 0.015566037735849136 0.023270440251572325
0 0.9150943396226414 0.16603773584905657 0.012264150943396203 0.03270440251572326
0 0.9261792452830189 0.17044025157232703 0.008018867924528309 0.030188679245283026
0 0.922877358490566 0.19245283018867926 0.021226415094339587 0.026415094339622632
0 0.9162735849056604 0.2893081761006289 0.009905660377358459 0.03647798742138366
0 0.9238207547169811 0.279874213836478 0.005188679245282969 0.026415094339622632
0 0.3150943396226415 0.4069182389937106 0.02169811320754718 0.02515723270440253
0 0.1964622641509434 0.3974842767295597 0.03254716981132077 0.025157232704402455
0 0.20518867924528303 0.32358490566037734 0.02169811320754715 0.030817610062893096
0 0.22570754716981134 0.35660377358490564 0.012735849056603769 0.03522012578616352
0 0.2382075471698113 0.3581761006289308 0.01698113207547169 0.03836477987421385
0 0.235377358490566 0.49528301886792453 0.02169811320754718 0.032075471698113235
0 0.07853773584905659 0.2940251572327044 0.01462264150943396 0.019496855345911966
0 0.045990566037735846 0.2798742138364779 0.006132075471698115 0.012578616352201265
0 0.04339622641509433 0.27547169811320754 0.011320754716981135 0.01886792452830188
0 0.02971698113207547 0.3122641509433962 0.007547169811320753 0.01823899371069183
0 0.005424528301886792 0.35534591194968546 0.007075471698113208 0.01886792452830188
0 0.15966981132075472 0.9138364779874213 0.04103773584905659 0.027672955974842657
0 0.4787735849056603 0.9075471698113206 0.019811320754716973 0.022641509433962256
0 0.4575471698113207 0.8726415094339621 0.015094339622641485 0.02327044025157238
0 0.44316037735849056 0.8933962264150943 0.016509433962264154 0.02201257861635228
0 0.4653301886792453 0.9125786163522013 0.019339622641509437 0.02641509433962271