0 0.3990234375 0.15034722222222222 0.013671875 0.00902777777777779
0 0.3984375 0.15946180555555556 0.01171875 0.0050347222222222095
0 0.4862630208333334 0.11206597222222223 0.008463541666666685 0.0140625
0 0.47884114583333337 0.09019097222222223 0.008463541666666685 0.016145833333333335
0 0.4835286458333334 0.10026041666666667 0.006380208333333314 0.005729166666666666
0 0.469921875 0.07013888888888889 0.009114583333333315 0.015625
0 0.4664713541666667 0.05026041666666667 0.007421875 0.015104166666666667
0 0.45735677083333337 0.03671875 0.008203125 0.015104166666666667
0 0.45904947916666666 0.0234375 0.007161458333333371 0.015972222222222224
0 0.45638020833333337 0.008246527777777778 0.0078125 0.008506944444444444
0 0.5051432291666667 0.04895833333333333 0.004557291666666629 0.009722222222222219
0 0.6745442708333333 0.024913194444444446 0.007942708333333258 0.014062500000000002
0 0.6686848958333333 0.024739583333333332 0.0037760416666667426 0.007118055555555557
0 0.5118489583333333 0.05260416666666667 0.009375 0.013194444444444448
0 0.3609375 0.03324652777777778 0.0078125 0.0078125
0 0.4271067415730337 0.6069288389513108 0.01264044943820221 0.01610486891385767
0 0.340308988764045 0.5069288389513108 0.008707865168539343 0.012359550561797808
0 0.33890449438202247 0.5224719101123595 0.008146067415730329 0.017977528089887604
0 0.3474719101123595 0.5363295880149812 0.009550561797752778 0.01797752808988768
0 0.34297752808988763 0.5602996254681648 0.008426966292134807 0.016479400749063643
0 0.34901685393258425 0.6007490636704119 0.008146067415730329 0.017977528089887604
0 0.35252808988764045 0.6215355805243445 0.009550561797752778 0.016853932584269614
0 0.35589887640449436 0.6434456928838951 0.005056179775280896 0.020973782771535526
0 0.3598314606741573 0.6855805243445693 0.008988764044943821 0.01910112359550567
0 0.35744382022471904 0.7063670411985019 0.009831460674157314 0.019475655430711565
0 0.3580056179775281 0.7215355805243446 0.006460674157303344 0.015355805243445654
0 0.36039325842696635 0.7335205992509364 0.008988764044943821 0.01685393258426969
0 0.36151685393258426 0.7490636704119851 0.008988764044943821 0.014981273408239758
0 0.3549157303370786 0.7539325842696629 0.0070224719101123585 0.019475655430711718
0 0.3627808988764045 0.7657303370786517 0.008146067415730329 0.014606741573033712
0 0.3653089887640449 0.7799625468164794 0.012078651685393254 0.01910112359550567
0 0.29227528089887644 0.8320224719101124 0.007584269662921372 0.01685393258426969
0 0.2898876404494382 0.8393258426966291 0.008426966292134807 0.011985018726591686
0 0.5943820224719102 0.6249063670411985 0.008426966292134807 0.017602996254681633
0 0.5950842696629213 0.5838951310861423 0.008707865168539343 0.016479400749063643
0 0.5783707865168539 0.5550561797752809 0.005056179775280839 0.016479400749063643
0 0.5846910112359551 0.5593632958801498 0.005898876404494445 0.009363295880149811
0 0.5811797752808988 0.5734082397003746 0.010112359550561905 0.021722846441947545
0 0.5914325842696629 0.5676029962546816 0.006460674157303402 0.010112359550561754
0 0.3790730337078652 0.8784644194756553 0.008707865168539285 0.015355805243445654
0 0.3790730337078652 0.8619850187265917 0.006460674157303344 0.014606741573033712
0 0.38202247191011235 0.9086142322097379 0.008426966292134807 0.014232209737827815
0 0.38581460674157303 0.9235955056179777 0.008146067415730329 0.0157303370786517
0 0.38595505617977527 0.9346441947565542 0.0028089887640449546 0.005617977528089947
0 0.3911516853932584 0.9440074906367042 0.011516853932584297 0.018352059925093728
0 0.38960674157303365 0.9537453183520599 0.007865168539325793 0.015355805243445654
0 0.5332692307692307 0.27025641025641023 0.010384615384615358 0.020512820512820516
0 0.525 0.25358974358974357 0.006923076923076906 0.011794871794871787
0 0.9244230769230769 0.9023076923076924 0.007307692307692378 0.012820512820512855
0 0.8323076923076924 0.9133333333333333 0.008461538461538453 0.015384615384615396
0 0.8305769230769231 0.9279487179487179 0.007307692307692264 0.014871794871794918
0 0.9107692307692307 0.9269230769230768 0.01 0.015897435897435874
0 0.9215384615384614 0.9228205128205127 0.00923076923076917 0.022051282051282064
0 0.7436538461538462 0.5317948717948717 0.011923076923077019 0.02666666666666667
0 0.7696153846153845 0.6438461538461538 0.012307692307692264 0.01897435897435897
0 0.7642307692307693 0.6166666666666667 0.007692307692307736 0.013846153846153886
0 0.7794230769230769 0.6774358974358974 0.012692307692307623 0.024615384615384605