0 0.5463461538461538 0.49205128205128207 0.013461538461538454 0.017948717948717937
0 0.6367307692307693 0.737948717948718 0.009615384615384642 0.02051282051282063
0 0.6530769230769231 0.6971794871794872 0.010769230769230831 0.010769230769230793
0 0.5446153846153845 0.6694871794871794 0.005384615384615358 0.013846153846153812
0 0.5434615384615384 0.6443589743589743 0.010769230769230717 0.01589743589743595
0 0.5367307692307691 0.5715384615384616 0.005 0.012820512820512855
0 0.5448076923076922 0.5753846153846154 0.0042307692307692836 0.015384615384615396
0 0.5463461538461538 0.5612820512820512 0.008076923076923094 0.011794871794871748
0 0.5505769230769231 0.555128205128205 0.008846153846153811 0.011794871794871825
0 0.5848076923076924 0.7364102564102565 0.006538461538461547 0.015384615384615396
0 0.5896153846153845 0.7215384615384616 0.011538461538461548 0.01128205128205127
0 0.5459615384615385 0.8297435897435896 0.009615384615384527 0.01435897435897429
0 0.4636538461538462 0.8566666666666667 0.005769230769230774 0.012820512820512855
0 0.4675 0.8394871794871793 0.006538461538461547 0.01128205128205127
0 0.4705769230769231 0.8276923076923076 0.005769230769230774 0.008205128205128252
0 0.3557692307692308 0.88 0.01 0.01435897435897429
0 0.5430769230769231 0.8548717948717949 0.004615384615384642 0.013333333333333182
0 0.5523076923076923 0.8569230769230768 0.0061538461538461885 0.01128205128205127
0 0.5557692307692307 0.8456410256410257 0.006923076923076906 0.010256410256410315
0 0.5561538461538462 0.8330769230769232 0.004615384615384642 0.013846153846153812
0 0.5598076923076922 0.8323076923076924 0.0042307692307692836 0.010256410256410315
0 0.5659615384615384 0.82 0.005769230769230717 0.01128205128205127
0 0.5634615384615385 0.8287179487179487 0.004615384615384528 0.008205128205128252
0 0.5678846153846154 0.8384615384615384 0.006538461538461547 0.012307692307692377
0 0.6188461538461538 0.8989743589743591 0.0076923076923076225 0.01128205128205127
0 0.6186538461538462 0.9512820512820512 0.007307692307692264 0.013333333333333334
0 0.3480769230769231 0.17846153846153845 0.00846153846153851 0.014358974358974364
0 0.2774475524475524 0.08613053613053614 0.008041958041958026 0.009557109557109564
0 0.3340909090909091 0.15536130536130538 0.003846153846153868 0.00815850815850816
0 0.3413461538461538 0.16340326340326342 0.005069930069930081 0.00792540792540793
0 0.15970279720279723 0.4026806526806527 0.009265734265734267 0.00815850815850816
0 0.15961538461538463 0.3948717948717949 0.0038461538461538394 0.005128205128205158
0 0.24720279720279723 0.30582750582750584 0.009790209790209786 0.012121212121212125
0 0.18531468531468534 0.4623543123543124 0.0076923076923077075 0.014685314685314704
0 0.21669580419580423 0.9419580419580419 0.0071678321678321595 0.011188811188811239
0 0.2688811188811189 0.9765734265734266 0.009090909090909122 0.015617715617715628
0 0.23854895104895105 0.17167832167832167 0.008216783216783227 0.007226107226107217
0 0.25122377622377623 0.16818181818181815 0.006293706293706293 0.006759906759906755
0 0.2487762237762238 0.05314685314685315 0.0059440559440559464 0.008391608391608392
0 0.2515734265734266 0.06095571095571096 0.006293706293706293 0.006759906759906755
0 0.2534090909090909 0.2407925407925408 0.005769230769230745 0.010256410256410239
0 0.2854020979020979 0.2658508158508159 0.005069930069930081 0.010023310023310007
0 0.10600961538461538 0.8608974358974358 0.00817307692307692 0.023076923076923172
0 0.1264423076923077 0.7134615384615384 0.009615384615384612 0.017948717948717937
0 0.11538461538461539 0.6064102564102564 0.011538461538461532 0.017948717948718013
0 0.09375 0.5275641025641026 0.013461538461538467 0.011538461538461586
0 0.08725961538461538 0.5368589743589743 0.010096153846153854 0.008333333333333333
0 0.03004807692307692 0.9403846153846154 0.007211538461538464 0.016666666666666666
0 0.04447115384615385 0.8233974358974359 0.00625 0.021153846153846037
0 0.056971153846153845 0.7772435897435896 0.00625 0.016025641025640955
0 0.06129807692307692 0.7862179487179487 0.004326923076923081 0.013461538461538415
0 0.6649038461538461 0.036217948717948714 0.0125 0.013461538461538462
0 0.6617788461538462 0.0451923076923077 0.009134615384615359 0.013461538461538462
0 0.06899038461538462 0.14679487179487177 0.012019230769230773 0.010256410256410258
0 0.13581730769230768 0.378525641025641 0.011057692307692293 0.012179487179487145
0 0.14759615384615385 0.3397435897435897 0.007692307692307679 0.008974358974358968
0 0.02860576923076923 0.3958333333333333 0.010096153846153847 0.013461538461538415
0 0.259375 0.01282051282051282 0.008173076923076934 0.016666666666666666
0 0.29508670520231217 0.3294797687861272 0.006358381502890211 0.008477842003853577
0 0.3036127167630058 0.3200385356454721 0.004913294797687854 0.006551059730250472
0 0.8577519379844962 0.029974160206718344 0.006589147286821685 0.016537467700258393
0 0.9125968992248061 0.1797157622739018 0.0058139534883721354 0.006976744186046517
0 0.9362403100775193 0.21304909560723512 0.008139534883720899 0.008010335917312658
0 0.9630813953488372 0.22919896640826873 0.006782945736434158 0.011369509043927641
0 0.9839147286821706 0.23475452196382426 0.006976744186046517 0.012661498708010336
0 0.9931201550387596 0.24935400516795866 0.00794573643410854 0.014470284237726066
0 0.9872093023255814 0.30258397932816533 0.00930232558139528 0.012403100775193783
0 0.9858527131782946 0.30968992248062016 0.007751937984496067 0.009043927648578802
0 0.9853682170542636 0.32260981912144704 0.0063953488372093265 0.012144702842377265