0 0.8001923076923076 0.05410256410256411 0.032692307692307736 0.038461538461538464
0 0.8140384615384616 0.04256410256410256 0.018076923076923095 0.030769230769230767
0 0.8311538461538462 0.05333333333333334 0.012307692307692264 0.02564102564102564
0 0.7773076923076923 0.24794871794871795 0.013076923076923094 0.03128205128205127
0 0.9421153846153846 0.05179487179487179 0.02038461538461536 0.03282051282051282
0 0.9542307692307693 0.07307692307692308 0.018461538461538453 0.015897435897435894
0 0.9836538461538462 0.31 0.018846153846153926 0.029230769230769244
0 0.40730769230769226 0.42358974358974355 0.03230769230769232 0.04
0 0.3905769230769231 0.4656410256410256 0.01653846153846149 0.04615384615384619
0 0.40538461538461534 0.4674358974358975 0.019230769230769225 0.03948717948717945
0 0.43 0.49025641025641026 0.02769230769230768 0.03384615384615381
0 0.46730769230769226 0.4723076923076922 0.03307692307692304 0.025641025641025637
0 0.4807692307692307 0.5089743589743589 0.023846153846153868 0.054871794871794916
0 0.5001923076923077 0.512051282051282 0.011923076923076906 0.021025641025641032
0 0.44384615384615383 0.6169230769230769 0.03538461538461542 0.021538461538461586
0 0.42423076923076924 0.6264102564102564 0.023846153846153812 0.023076923076923096
0 0.1773076923076923 0.5694871794871795 0.02 0.013846153846153886
0 0.17846153846153845 0.6143589743589742 0.024615384615384612 0.03384615384615389
0 0.09692307692307692 0.5615384615384615 0.02384615384615384 0.03384615384615381
0 0.09692307692307692 0.5925641025641025 0.021538461538461548 0.030256410256410314
0 0.013653846153846154 0.6589743589743589 0.019615384615384614 0.014358974358974364
0 0.6780769230769231 0.5417948717948717 0.02846153846153845 0.03846153846153849
0 0.6017307692307693 0.6174358974358973 0.03961538461538464 0.024615384615384605
0 0.58 0.6384615384615384 0.02538461538461536 0.023589743589743573
0 0.8284615384615384 0.6471794871794871 0.018461538461538453 0.05128205128205127
0 0.8248076923076924 0.6841025641025641 0.030384615384615357 0.03794871794871794
0 0.8505769230769231 0.6748717948717948 0.022692307692307737 0.02358974358974365
0 0.9001923076923076 0.5274358974358975 0.013461538461538454 0.029230769230769282
0 0.8196153846153845 0.8310256410256409 0.03076923076923083 0.02102564102564111
0 0.7955769230769231 0.8266666666666667 0.01423076923076917 0.01435897435897429
0 0.5953846153846154 0.8217948717948718 0.015384615384615472 0.050769230769230796
0 0.5794230769230769 0.824871794871795 0.023461538461538565 0.03641025641025635
0 0.12237654320987654 0.7059670781893004 0.02129629629629629 0.034979423868312855
0 0.1132716049382716 0.8072016460905349 0.01975308641975309 0.0349794238683127
0 0.1625 0.8228395061728394 0.016975308641975318 0.03251028806584357
0 0.1868827160493827 0.824485596707819 0.02685185185185185 0.016872427983539183
0 0.27469135802469136 0.824485596707819 0.030864197530864203 0.0185185185185184
0 0.2725308641975308 0.8409465020576131 0.026543209876543187 0.01687242798353903
0 0.08549382716049382 0.8475308641975309 0.02283950617283949 0.028395061728395073
0 0.0904320987654321 0.865432098765432 0.015432098765432088 0.02386831275720154
0 0.014351851851851852 0.9637860082304527 0.028703703703703703 0.01810699588477367
0 0.0125 0.9792181069958846 0.01574074074074074 0.02757201646090531
0 0.965303738317757 0.577258566978193 0.025934579439252276 0.026791277258566955
0 0.9823598130841121 0.5702492211838006 0.01939252336448601 0.032087227414330226
0 0.9781542056074766 0.5953271028037382 0.022663551401869198 0.021183800623053004