0 0.2977564102564102 0.21324786324786324 0.02243589743589746 0.03504273504273503
0 0.3240384615384615 0.11367521367521366 0.025 0.02905982905982906
0 0.20833333333333331 0.24658119658119657 0.021794871794871797 0.04529914529914526
0 0.15929487179487176 0.36452991452991457 0.02884615384615384 0.02478632478632479
0 0.09262820512820512 0.48205128205128206 0.026282051282051272 0.03418803418803418
0 0.20352564102564102 0.5632478632478632 0.02884615384615387 0.018803418803418785
0 0.34070512820512816 0.42606837606837605 0.025 0.029914529914529947
0 0.31346153846153846 0.4153846153846154 0.019230769230769225 0.04444444444444442
0 0.19230769230769232 0.5918803418803419 0.026923076923076935 0.01452991452991455
0 0.6227564102564103 0.885042735042735 0.03012820512820508 0.024786324786324865
0 0.42435897435897435 0.9346153846153846 0.030769230769230774 0.026495726495726558
0 0.2580128205128205 0.8927350427350427 0.027564102564102543 0.024786324786324712
0 0.2471153846153846 0.8564102564102565 0.03012820512820508 0.020512820512820478
0 0.923397435897436 0.9435897435897435 0.02371794871794873 0.023931623931623864
0 0.28137254901960784 0.012418300653594772 0.013725490196078454 0.024836601307189544