0 0.6532986111111111 0.24421296296296297 0.0107638888888888 0.022685185185185218
0 0.7288194444444445 0.24074074074074073 0.014583333333333257 0.017592592592592573
0 0.7190972222222222 0.04768518518518518 0.009722222222222285 0.023148148148148143
0 0.6711805555555557 0.33981481481481485 0.010416666666666628 0.02500000000000004
0 0.7529513888888889 0.3699074074074074 0.010069444444444343 0.012037037037037028
0 0.7489583333333334 0.3861111111111112 0.00625 0.012962962962962971
0 0.7572916666666667 0.3324074074074074 0.006944444444444457 0.013888888888888876
0 0.7079861111111111 0.5335648148148148 0.011805555555555543 0.01805555555555558
0 0.6709790209790211 0.44149184149184156 0.00594405594405589 0.012121212121212087
0 0.2561298076923077 0.8217948717948718 0.01177884615384616 0.011538461538461586
0 0.6686298076923076 0.8128205128205127 0.006971153846153925 0.017307692307692225
0 0.7076923076923076 0.7915064102564101 0.009615384615384642 0.01698717948717952
0 0.6686298076923076 0.8402243589743591 0.006490384615384642 0.01314102564102556
0 0.11356635071090047 0.44992101105845184 0.010781990521327004 0.006003159557662002
0 0.11321090047393366 0.4438388625592417 0.006042654028436019 0.005529225908372837
0 0.0898834745762712 0.723728813559322 0.011546610169491529 0.011299435028248657
0 0.14449152542372884 0.7355225988700564 0.007838983050847475 0.01002824858757064
0 0.16885593220338985 0.7307203389830509 0.006355932203389841 0.00692090395480227
0 0.178760593220339 0.7300847457627119 0.010911016949152554 0.012429378531073476
0 0.01443661971830986 0.9077464788732396 0.00545774647887324 0.009389671361502375
0 0.018485915492957746 0.9163145539906105 0.007570422535211266 0.006103286384976552
0 0.027200704225352115 0.9245305164319249 0.006866197183098592 0.012206572769953104
0 0.597202166064982 0.6835740072202166 0.006678700361010897 0.013598074608904956
0 0.5912003610108303 0.691395908543923 0.004602888086642679 0.01143200962695543
0 0.6881294964028777 0.6858513189448441 0.007553956834532301 0.010071942446043218
0 0.9838375796178344 0.38269639065817407 0.005891719745222986 0.01337579617834399
0 0.9896496815286624 0.3572186836518046 0.005732484076433139 0.014225053078556281
0 0.9826433121019108 0.34819532908704875 0.00732484076433127 0.014861995753715518