0 0.3629807692307692 0.1926923076923077 0.015961538461538454 0.014615384615384603
0 0.4081730769230769 0.13487179487179488 0.008653846153846189 0.017948717948717954
0 0.4082692307692307 0.1728205128205128 0.006153846153846132 0.016410256410256428
0 0.4149038461538461 0.19 0.0071153846153846415 0.01487179487179488
0 0.41798076923076916 0.2076923076923077 0.01019230769230768 0.01743589743589742
0 0.49788461538461537 0.1601282051282051 0.010384615384615358 0.022307692307692303
0 0.4873076923076923 0.11692307692307691 0.00653846153846149 0.024102564102564106
0 0.4921153846153846 0.11474358974358974 0.003846153846153868 0.011025641025641032
0 0.4799038461538461 0.10833333333333334 0.009423076923076906 0.017692307692307698
0 0.38682692307692307 0.3385897435897436 0.008653846153846132 0.008974358974359007
0 0.4731730769230769 0.3703846153846154 0.009038461538461547 0.013076923076923094
0 0.4780769230769231 0.3835897435897436 0.007692307692307679 0.014358974358974364
0 0.47875 0.3961538461538462 0.013653846153846133 0.01589743589743595
0 0.48471153846153847 0.41102564102564104 0.013269230769230773 0.02
0 0.4225 0.44179487179487176 0.016153846153846133 0.01128205128205127
0 0.4154807692307692 0.4482051282051282 0.009038461538461547 0.009230769230769207
0 0.49769230769230766 0.4546153846153846 0.008846153846153811 0.020512820512820478
0 0.5075 0.49051282051282047 0.007307692307692321 0.021025641025641032
0 0.515673076923077 0.5080769230769231 0.008269230769230716 0.016666666666666666
0 0.5140384615384616 0.52 0.009230769230769284 0.02
0 0.43096153846153845 0.8937179487179487 0.011923076923076906 0.012564102564102541
0 0.36125 0.8842307692307692 0.013653846153846133 0.016666666666666666
0 0.3621153846153846 0.9011538461538461 0.006153846153846132 0.017179487179487144
0 0.3531730769230769 0.9035897435897435 0.005192307692307736 0.010769230769230793
0 0.35778846153846156 0.9141025641025641 0.008269230769230774 0.018974358974358892
0 0.3625 0.9666666666666667 0.006153846153846132 0.01692307692307698
0 0.3650961538461538 0.9865384615384616 0.011346153846153869 0.0217948717948719
0 0.5453333333333332 0.6168888888888888 0.010666666666666628 0.020444444444444418
0 0.5418333333333334 0.5973333333333334 0.007 0.01422222222222217
0 0.8853333333333333 0.18844444444444441 0.014666666666666628 0.01955555555555554
0 0.8766666666666667 0.16244444444444445 0.006666666666666629 0.01377777777777777
0 0.8013333333333332 0.05444444444444444 0.010666666666666628 0.019111111111111113
0 0.7633333333333333 0.008222222222222223 0.01533333333333337 0.01377777777777778
0 0.78 0.021555555555555553 0.014 0.013777777777777776
0 0.7895 0.033555555555555554 0.013 0.015555555555555557
0 0.6576666666666667 0.02911111111111111 0.014666666666666628 0.017333333333333333
0 0.648 0.06222222222222223 0.014 0.02577777777777778
0 0.6721666666666666 0.20022222222222225 0.013 0.02177777777777779
0 0.6733333333333333 0.29733333333333334 0.01 0.024888888888888915
0 0.9186666666666667 0.35711111111111116 0.01133333333333337 0.021777777777777754
0 0.905 0.32111111111111107 0.009333333333333258 0.015555555555555543
0 0.5406666666666667 0.38177777777777777 0.01666666666666663 0.018666666666666668
0 0.9818333333333332 0.8337777777777777 0.009666666666666629 0.01688888888888884
0 0.7515 0.896888888888889 0.009 0.01688888888888884
0 0.5891666666666667 0.9117777777777777 0.010333333333333371 0.016444444444444494
0 0.5893333333333333 0.9286666666666666 0.008666666666666628 0.016444444444444345
0 0.5983333333333334 0.9411111111111111 0.008 0.012
0 0.5986666666666668 0.954888888888889 0.008666666666666628 0.015555555555555505
0 0.7691666666666667 0.964 0.011 0.016
0 0.9821666666666666 0.8166666666666667 0.009 0.011111111111111011