0 0.32259114583333337 0.20729166666666668 0.0069010416666666855 0.010069444444444457
0 0.14765625 0.34331597222222227 0.005989583333333342 0.018229166666666668
0 0.22454427083333334 0.2993923611111111 0.0048177083333333145 0.007465277777777752
0 0.22747395833333334 0.30581597222222223 0.00703125 0.012673611111111123
0 0.2657552083333334 0.2848090277777778 0.009375 0.007465277777777752
0 0.2674479166666667 0.2907986111111111 0.005729166666666629 0.006597222222222247
0 0.5413411458333334 0.27751736111111114 0.011328125 0.0067708333333333336
0 0.62265625 0.31666666666666665 0.00703125 0.005902777777777791
0 0.623828125 0.32100694444444444 0.00625 0.005208333333333333
0 0.605859375 0.32760416666666664 0.0078125 0.005902777777777791
0 0.6095703125 0.33046875 0.007421875 0.0078125
0 0.6161458333333334 0.3328993055555556 0.006770833333333257 0.013368055555555543
0 0.6729817708333333 0.25390625 0.007942708333333258 0.015451388888888876
0 0.7590090090090089 0.17672672672672668 0.006306306306306283 0.0117117117117117
0 0.7728603603603603 0.34969969969969966 0.009234234234234237 0.01351351351351347
0 0.7708333333333333 0.28468468468468466 0.006081081081081038 0.008408408408408416
0 0.5989864864864864 0.8324324324324324 0.007432432432432392 0.013813813813813795
0 0.5877252252252251 0.7572072072072072 0.011486486486486569 0.01351351351351347
0 0.5639639639639639 0.777177177177177 0.0076576576576576376 0.011411411411411337
0 0.5097972972972973 0.8525525525525524 0.010135135135135101 0.010210210210210334
0 0.4804054054054054 0.8256756756756756 0.006306306306306283 0.00750750750750755
0 0.43772522522522517 0.7873873873873872 0.0069819819819820165 0.011411411411411337
0 0.36621621621621614 0.6327327327327327 0.00855855855855856 0.014414414414414448
0 0.36509009009009 0.7102102102102101 0.0067567567567567155 0.017417417417417407
0 0.37927927927927924 0.8058558558558558 0.006756756756756772 0.008708708708708704
0 0.3760135135135135 0.8171171171171169 0.006531531531531527 0.008408408408408377
0 0.3873873873873873 0.8049549549549548 0.005405405405405361 0.008708708708708704
0 0.38840090090090085 0.8180180180180181 0.010135135135135101 0.009609609609609682
0 0.30594660194174755 0.6550161812297735 0.009951456310679589 0.014886731391585802
0 0.3050970873786408 0.6909385113268609 0.01019417475728153 0.013592233009708707
0 0.29987864077669907 0.6270226537216829 0.00606796116504853 0.010679611650485489
0 0.23021844660194177 0.43042071197411 0.009466019417475735 0.014886731391585726
0 0.3866504854368932 0.44255663430420705 0.005825242718446589 0.015210355987054981
0 0.39186893203883494 0.4375404530744336 0.008009708737864116 0.013592233009708707
0 0.3944174757281553 0.4466019417475728 0.010194174757281587 0.009061488673139138
0 0.17724056603773586 0.41477987421383644 0.009669811320754718 0.009433962264150978
0 0.17700471698113204 0.4232704402515723 0.004952830188679257 0.008176100628930878
0 0.17252358490566036 0.06257861635220126 0.007311320754717002 0.011949685534591198
0 0.17110849056603775 0.07421383647798742 0.005896226415094332 0.014465408805031445
0 0.17240566037735847 0.17012578616352203 0.004245283018867923 0.0188679245283019
0 0.17724056603773586 0.16540880503144653 0.005896226415094332 0.008176100628930821
0 0.2887971698113207 0.22877358490566038 0.004481132075471748 0.011635220125786152
0 0.3009433962264151 0.23946540880503145 0.011320754716981128 0.011006289308176103
0 0.13875 0.7972222222222223 0.018333333333333344 0.018888888888888837
0 0.09708333333333334 0.958888888888889 0.013333333333333329 0.015555555555555505
0 0.2066666666666667 0.9122222222222224 0.014166666666666657 0.02
0 0.2733333333333334 0.9927777777777779 0.014166666666666685 0.012222222222222323