0 0.478125 0.25277777777777777 0.013541666666666686 0.027777777777777752
0 0.5166666666666667 0.2121527777777778 0.019791666666666628 0.02430555555555558
0 0.46614583333333337 0.21736111111111112 0.026041666666666685 0.022222222222222247
0 0.4221354166666667 0.2309027777777778 0.015104166666666629 0.03125
0 0.3666666666666667 0.23680555555555557 0.01666666666666663 0.0125
0 0.36484375 0.2243055555555556 0.016145833333333314 0.02222222222222221
0 0.22786458333333334 0.11111111111111112 0.019270833333333313 0.015277777777777772
0 0.4479166666666667 0.40520833333333334 0.02291666666666663 0.028472222222222246
0 0.39375 0.4708333333333333 0.010416666666666685 0.03611111111111109
0 0.77109375 0.36284722222222227 0.02135416666666663 0.028472222222222173
0 0.7838541666666667 0.3263888888888889 0.02083333333333337 0.023611111111111124
0 0.58125 0.5041666666666667 0.01666666666666663 0.01805555555555558
0 0.5098958333333333 0.6690972222222222 0.019791666666666742 0.028472222222222173
0 0.29765625 0.6357638888888889 0.0265625 0.022916666666666665
0 0.31692708333333336 0.7597222222222223 0.015104166666666686 0.015277777777777828
0 0.25234375 0.7493055555555557 0.016145833333333342 0.020833333333333332
0 0.14322916666666669 0.6475694444444445 0.023958333333333342 0.01875
0 0.10677083333333334 0.5354166666666667 0.019791666666666673 0.027777777777777752
0 0.011197916666666669 0.5805555555555556 0.0067708333333333336 0.02222222222222217
0 0.004427083333333334 0.5822916666666667 0.007812500000000002 0.020138888888888914
0 0.09453125 0.6590277777777779 0.015104166666666672 0.020833333333333332
0 0.10963541666666667 0.6260416666666667 0.009895833333333343 0.021527777777777753
0 0.12890625 0.704513888888889 0.0171875 0.015972222222222172
0 0.2002604166666667 0.3267361111111111 0.0171875 0.014583333333333334
0 0.14192708333333334 0.39027777777777783 0.024479166666666687 0.026388888888888913
0 0.06380208333333334 0.38159722222222225 0.013020833333333329 0.024305555555555504
0 0.09140625 0.33611111111111114 0.013020833333333329 0.015277777777777753
0 0.078125 0.23958333333333334 0.015625 0.023611111111111124
0 0.17708333333333334 0.20208333333333334 0.016666666666666687 0.02222222222222221
0 0.22291666666666668 0.21458333333333332 0.0125 0.016666666666666666
0 0.22447916666666667 0.259375 0.011458333333333343 0.04097222222222221
0 0.21380208333333334 0.14722222222222223 0.015104166666666686 0.026388888888888875
0 0.0703125 0.18923611111111113 0.022916666666666672 0.017361111111111084
0 0.017708333333333336 0.0625 0.014583333333333332 0.029166666666666667
0 0.0109375 0.3576388888888889 0.015625 0.029166666666666667
0 0.903125 0.575 0.019791666666666628 0.023611111111111086