0 0.39649532710280366 0.015264797507788159 0.008411214953270985 0.00996884735202492
0 0.4037383177570093 0.00794392523364486 0.015887850467289695 0.00965732087227414
0 0.5144859813084112 0.059190031152647975 0.01355140186915895 0.018068535825545164
0 0.34147196261682244 0.35389408099688474 0.010046728971962637 0.016199376947040493
0 0.33890186915887854 0.3686915887850467 0.00864485981308411 0.01775700934579436
0 0.3413551401869158 0.3889408099688473 0.007943925233644848 0.017757009345794435
0 0.33796728971962614 0.32663551401869156 0.005841121495327116 0.023364485981308386
0 0.3370327102803738 0.288006230529595 0.01004672897196258 0.01962616822429906
0 0.33411214953271023 0.26682242990654204 0.007009345794392516 0.015264797507788141
0 0.33411214953271023 0.2501557632398754 0.006542056074766379 0.011214953271028056
0 0.3462616822429907 0.4338006230529595 0.011214953271028037 0.020249221183800653
0 0.35292056074766354 0.4728971962616822 0.009112149532710247 0.01869158878504671
0 0.35408878504672897 0.48878504672897194 0.008177570093457917 0.01869158878504671
0 0.35140186915887844 0.5040498442367601 0.003738317757009327 0.014953271028037382
0 0.3560747663551401 0.5121495327102803 0.009345794392523374 0.01433021806853579
0 0.355607476635514 0.526791277258567 0.006542056074766379 0.015576323987538975
0 0.35525700934579435 0.545638629283489 0.007710280373831779 0.015264797507788141
0 0.354322429906542 0.5623052959501558 0.008177570093457917 0.016199376947040493
0 0.423714953271028 0.44361370716510906 0.010046728971962637 0.013707165109034273
0 0.421144859813084 0.45093457943925236 0.00630841121495331 0.011526479750778813
0 0.7560747663551401 0.4325545171339563 0.007943925233644905 0.021495327102803684
0 0.7490654205607477 0.3975077881619938 0.00934579439252343 0.016199376947040565
0 0.2832107843137255 0.6826797385620915 0.011519607843137237 0.013071895424836536
0 0.3667892156862745 0.6583333333333333 0.012009803921568675 0.016013071895424825
0 0.3625 0.67859477124183 0.005392156862745082 0.0199346405228758
0 0.36887254901960786 0.6830065359477124 0.006862745098039227 0.015686274509803904
0 0.3727941176470588 0.6955882352941177 0.00980392156862746 0.0179738562091502
0 0.3689950980392157 0.7099673202614379 0.0071078431372549175 0.020588235294117567
0 0.821936274509804 0.699673202614379 0.00808823529411768 0.015032679738562062
0 0.8225490196078431 0.7130718954248365 0.004901960784313701 0.009803921568627477
0 0.9126225490196078 0.7199346405228759 0.009558823529411712 0.01830065359477112
0 0.9022058823529412 0.7387254901960784 0.008333333333333371 0.01797385620915035
0 0.9199754901960785 0.7263071895424836 0.0071078431372549175 0.010784313725490241
0 0.9254901960784314 0.740032679738562 0.006372549019607846 0.016666666666666666
0 0.9738970588235294 0.3576797385620915 0.006617647058823423 0.016013071895424825
0 0.9811274509803921 0.3722222222222222 0.010294117647058783 0.01895424836601304
0 0.7186274509803922 0.2833333333333333 0.00882352941176464 0.018300653594771232
0 0.9552696078431372 0.17222222222222222 0.004166666666666742 0.015686274509803904
0 0.9638480392156863 0.17630718954248364 0.011029411764705855 0.016013071895424825
0 0.5725806451612903 0.30913978494623656 0.010215053763440778 0.01541218637992832
0 0.5744623655913977 0.32939068100358415 0.006989247311827967 0.025806451612903212
0 0.5817204301075269 0.3362007168458781 0.00591397849462362 0.015053763440860166
0 0.5891129032258063 0.3338709677419355 0.005107526881720446 0.014695340501792126
0 0.5844086021505376 0.37616487455197134 0.010215053763440892 0.020430107526881708
0 0.7038732394366197 0.955868544600939 0.011267605633802759 0.01971830985915494
0 0.7140845070422536 0.9664319248826293 0.009154929577464827 0.022065727699530573
0 0.8455985915492958 0.9417840375586856 0.011619718309859195 0.013145539906103294
0 0.8491197183098592 0.9631455399061033 0.014436619718309885 0.02112676056338023
0 0.8392605633802819 0.8340375586854462 0.012323943661971839 0.015492957746478927
0 0.8341549295774648 0.8171361502347417 0.008450704225352183 0.014553990610328735
0 0.9941901408450705 0.8638497652582161 0.005985915492957702 0.024413145539906055