0 0.2169642857142857 0.01845238095238102 0.030357142857142833 0.036904761904761905
0 0.5696428571428571 0.033928571428571495 0.03928571428571422 0.048809523809523817
0 0.5758928571428571 0.40476190476190477 0.04821428571428578 0.06190476190476193
0 0.6200892857142857 0.5517857142857142 0.05446428571428578 0.048809523809523775
0 0.7241071428571428 0.631547619047619 0.035714285714285664 0.041666666666666664
0 0.7892857142857143 0.6720238095238096 0.0375 0.04404761904761911
0 0.9495535714285713 0.7476190476190477 0.04375 0.03809523809523807
0 0.052232142857142845 0.5446428571428571 0.027678571428571417 0.05119047619047615
0 0.11696428571428573 0.4577380952380953 0.030357142857142888 0.051190476190476224
0 0.4548611111111111 0.4928240740740741 0.027777777777777773 0.025462962962962972
0 0.47013888888888894 0.5055555555555555 0.01944444444444446 0.029629629629629638
0 0.15364583333333334 0.6194444444444445 0.021180555555555543 0.030555555555555582