0 0.6078125 0.36412037037037037 0.017013888888888915 0.021759259259259277
0 0.689236111111111 0.3449074074074074 0.0076388888888888 0.02037037037037036
0 0.5538194444444444 0.3854166666666667 0.010416666666666742 0.007870370370370363
0 0.40868055555555555 0.24143518518518517 0.015972222222222228 0.016203703703703696
0 0.3692708333333334 0.4488425925925926 0.015625 0.016203703703703772
0 0.4484375 0.3537037037037038 0.020486111111111142 0.02037037037037036
0 0.45381944444444444 0.3393518518518519 0.01666666666666663 0.016666666666666705
0 0.6104166666666667 0.6275462962962964 0.015277777777777715 0.023611111111111086
0 0.5994791666666668 0.5152777777777778 0.007291666666666629 0.021296296296296306
0 0.7154513888888889 0.4648148148148148 0.017013888888888915 0.014814814814814857
0 0.7171875 0.6488425925925926 0.007986111111111086 0.025462962962962972
0 0.6861111111111111 0.6023148148148147 0.0076388888888888 0.01944444444444442
0 0.6199652777777779 0.6620370370370371 0.006597222222222172 0.013888888888888914
0 0.6286458333333333 0.6766203703703705 0.007986111111111086 0.014351851851851885
0 0.578125 0.7129629629629629 0.013888888888888914 0.019444444444444493
0 0.5673611111111111 0.7381944444444445 0.0111111111111112 0.016203703703703772
0 0.7664930555555557 0.7037037037037037 0.012847222222222286 0.026851851851851887
0 0.79375 0.39277777777777784 0.01833333333333337 0.017777777777777753
0 0.795 0.33444444444444443 0.0125 0.024444444444444418
0 0.7441666666666668 0.07805555555555556 0.015 0.01277777777777778
0 0.733125 0.0875 0.01125 0.013888888888888895
0 0.6920833333333334 0.01611111111111111 0.02 0.02111111111111111
0 0.5654166666666668 0.045555555555555564 0.01416666666666663 0.015555555555555552
0 0.5360416666666667 0.07805555555555556 0.014583333333333372 0.01722222222222222
0 0.44125 0.07527777777777779 0.021666666666666685 0.02500000000000001
0 0.07 0.6427777777777778 0.014166666666666671 0.01444444444444442
0 0.123125 0.215 0.01375 0.015555555555555543
0 0.1479166666666667 0.1175 0.0075 0.018333333333333333
0 0.18583333333333335 0.9358333333333333 0.0125 0.013888888888888838
0 0.19395833333333334 0.9327777777777778 0.00875 0.01
0 0.1779166666666667 0.98 0.01583333333333334 0.015555555555555505
0 0.24354166666666668 0.9141666666666667 0.010416666666666657 0.016111111111111163
0 0.244375 0.898888888888889 0.012916666666666658 0.014444444444444496
0 0.2854166666666667 0.9111111111111112 0.011666666666666629 0.01
0 0.29208333333333336 0.8997222222222223 0.016666666666666687 0.012777777777777829
0 0.2991666666666667 0.906388888888889 0.0175 0.015