0 0.30833333333333335 0.05578703703703704 0.00972222222222223 0.01805555555555556
0 0.3260416666666667 0.07337962962962964 0.01875 0.02268518518518519
0 0.3927083333333334 0.009027777777777777 0.014583333333333314 0.01712962962962963
0 0.3954861111111111 0.05347222222222223 0.014583333333333314 0.03287037037037037
0 0.49236111111111114 0.14837962962962964 0.006944444444444457 0.02268518518518518
0 0.4980902777777778 0.1615740740740741 0.0059027777777777716 0.01759259259259259
0 0.5041666666666667 0.15787037037037036 0.009722222222222172 0.02222222222222223
0 0.638888888888889 0.07847222222222223 0.0125 0.0125
0 0.6244791666666667 0.05509259259259259 0.007291666666666629 0.019444444444444448
0 0.6315972222222221 0.06018518518518519 0.009027777777777714 0.016666666666666666
0 0.6918402777777778 0.1037037037037037 0.005208333333333371 0.012962962962962952
0 0.6947916666666667 0.12245370370370369 0.0111111111111112 0.01805555555555556
0 0.42204861111111114 0.41805555555555557 0.010763888888888915 0.015740740740740725
0 0.3967013888888889 0.4625 0.0045138888888889145 0.012037037037037028
0 0.40399305555555554 0.46643518518518523 0.011458333333333315 0.018981481481481446
0 0.41857638888888893 0.49166666666666664 0.009375 0.015740740740740725
0 0.49184027777777783 0.41851851851851857 0.012152777777777771 0.02037037037037036
0 0.42413194444444446 0.5076388888888889 0.007291666666666629 0.018981481481481446
0 0.4267361111111111 0.5280092592592592 0.00972222222222223 0.022685185185185218
0 0.49878472222222225 0.43773148148148144 0.010763888888888915 0.018981481481481523
0 0.5029513888888889 0.45601851851851855 0.007291666666666629 0.01481481481481478
0 0.5092013888888889 0.48287037037037045 0.0100694444444444 0.01944444444444442
0 0.4109375 0.6164351851851853 0.011458333333333315 0.016203703703703696
0 0.6626736111111111 0.4537037037037038 0.0065972222222222855 0.021296296296296306
0 0.66875 0.4557870370370371 0.006944444444444457 0.018981481481481523
0 0.6565972222222223 0.38518518518518524 0.00625 0.025
0 0.6574652777777779 0.3541666666666667 0.008680555555555542 0.02685185185185185
0 0.49149305555555556 0.7168981481481481 0.007986111111111143 0.021759259259259277
0 0.4951388888888889 0.7370370370370372 0.009027777777777772 0.020370370370370438
0 0.48836805555555557 0.7518518518518519 0.013541666666666686 0.01481481481481478
0 0.4835069444444445 0.7585648148148147 0.008680555555555542 0.013425925925925944
0 0.5008680555555556 0.7590277777777779 0.007291666666666686 0.018981481481481446
0 0.5614583333333334 0.6916666666666667 0.013888888888888914 0.018518518518518476
0 0.5192708333333333 0.8206018518518519 0.011458333333333258 0.02638888888888899
0 0.5258680555555556 0.8407407407407407 0.008680555555555542 0.016666666666666666
0 0.5322916666666667 0.85625 0.0041666666666666284 0.009722222222222172
0 0.5366319444444445 0.8731481481481481 0.009375 0.023148148148148265
0 0.5493055555555556 0.9328703703703705 0.010416666666666628 0.019444444444444493
0 0.8198076923076922 0.04487179487179487 0.011923076923076906 0.024102564102564106
0 0.8278846153846153 0.06461538461538462 0.013461538461538566 0.02256410256410256
0 0.8242307692307693 0.3343589743589744 0.015384615384615358 0.019487179487179523
0 0.8434615384615385 0.3805128205128205 0.013076923076923094 0.025641025641025637
0 0.8534615384615384 0.38641025641025634 0.014615384615384641 0.01897435897435897
0 0.8703846153846153 0.4256410256410256 0.013846153846153812 0.021538461538461586
0 0.8967307692307693 0.523076923076923 0.009615384615384642 0.024615384615384678
0 0.8938461538461538 0.49410256410256415 0.01 0.022051282051281988
0 0.9390384615384615 0.7271794871794871 0.011153846153846075 0.02256410256410254
0 0.9336538461538462 0.6971794871794872 0.008846153846153925 0.014871794871794918
0 0.6730769230769231 0.5723076923076923 0.008461538461538453 0.018461538461538415
0 0.6838461538461538 0.5866666666666667 0.013076923076923094 0.025641025641025637
0 0.9663461538461539 0.12538461538461537 0.008846153846153811 0.01897435897435897
0 0.9942307692307691 0.12076923076923075 0.006923076923076906 0.017948717948717954
0 0.9675 0.14333333333333334 0.011923076923076906 0.016923076923076926