0 0.33867924528301885 0.891509433962264 0.017924528301886823 0.02075471698113203
0 0.38655660377358486 0.8452830188679246 0.013679245283018872 0.020125786163522057
0 0.38325471698113206 0.7959119496855347 0.014622641509433947 0.01572327044025148
0 0.4070754716981132 0.6723270440251572 0.017924528301886768 0.022641509433962332
0 0.2632075471698113 0.6666666666666666 0.017924528301886795 0.03018867924528308
0 0.20849056603773586 0.511006289308176 0.019811320754716973 0.013207547169811278
0 0.1872641509433962 0.4531446540880503 0.013207547169811306 0.024528301886792406
0 0.255188679245283 0.3518867924528302 0.015094339622641485 0.022012578616352207
0 0.6049528301886792 0.13867924528301886 0.010849056603773647 0.015723270440251572
0 0.589622641509434 0.07327044025157232 0.015094339622641428 0.01698113207547169
0 0.6018867924528302 0.04874213836477987 0.014150943396226466 0.018238993710691823
0 0.7048295454545455 0.44943181818181815 0.011363636363636374 0.023106060606060585
0 0.691903409090909 0.46780303030303033 0.012784090909090879 0.015151515151515166
0 0.8397727272727272 0.7882575757575757 0.009090909090909122 0.018181818181818167
0 0.7514204545454545 0.7517045454545453 0.009090909090909122 0.01931818181818183
0 0.9021306818181818 0.8210227272727273 0.016761363636363626 0.024621212121212162
0 0.851846590909091 0.8865530303030303 0.016761363636363626 0.023863636363636337
0 0.6298295454545455 0.712310606060606 0.009659090909090878 0.02689393939393949