0 0.2967013888888889 0.20856481481481481 0.02534722222222223 0.023611111111111086
0 0.47378472222222223 0.18819444444444447 0.017013888888888915 0.024537037037037027
0 0.4954861111111111 0.3229166666666667 0.013888888888888914 0.02175925925925924
0 0.4852430555555555 0.44583333333333336 0.01840277777777777 0.024074074074074057
0 0.623263888888889 0.1907407407407407 0.015277777777777828 0.02222222222222221
0 0.9671875 0.280787037037037 0.014930555555555542 0.025462962962962934
0 0.9717013888888889 0.2189814814814815 0.010069444444444457 0.01944444444444442
0 0.7395833333333333 0.8032407407407409 0.01944444444444446 0.02129629629629638
0 0.6109375 0.7233796296296295 0.020486111111111087 0.024537037037036954
0 0.26032608695652176 0.09927536231884058 0.021376811594202905 0.019806763285024148
0 0.23677536231884055 0.12101449275362317 0.011231884057971 0.02560386473429952
0 0.2139492753623188 0.1567632850241546 0.017753623188405784 0.030434782608695664
0 0.1653985507246377 0.13019323671497585 0.017753623188405784 0.02657004830917875
0 0.13351449275362318 0.14855072463768115 0.02210144927536233 0.03236714975845408