0 0.3846590909090909 0.2081439393939394 0.011931818181818188 0.016287878787878792
0 0.2948863636363636 0.21325757575757576 0.011363636363636374 0.019696969696969706
0 0.38622159090909086 0.4479166666666667 0.013352272727272692 0.026136363636363662
0 0.3744318181818182 0.5054924242424242 0.010227272727272748 0.01931818181818183
0 0.5044034090909091 0.4170454545454545 0.008238636363636318 0.013636363636363589
0 0.5110795454545455 0.41761363636363635 0.007386363636363626 0.0125
0 0.5119318181818182 0.4329545454545455 0.01306818181818187 0.015909090909090914
0 0.6248579545454545 0.646969696969697 0.012784090909090879 0.014393939393939414
0 0.6066761363636364 0.6293560606060605 0.008806818181818244 0.010984848484848498
0 0.515625 0.5859848484848486 0.007954545454545495 0.012121212121212163
0 0.5849431818181817 0.6755681818181818 0.007386363636363626 0.015530303030303002
0 0.6254261363636364 0.6820075757575758 0.011079545454545496 0.01628787878787883
0 0.6438920454545455 0.7015151515151515 0.00994318181818187 0.01439393939393934
0 0.6078125 0.04090909090909091 0.013352272727272747 0.01590909090909091
0 0.5649147727272728 0.1359848484848485 0.011647727272727252 0.012121212121212125
0 0.6129261363636362 0.11647727272727273 0.010511363636363626 0.013257575757575751
0 0.623153409090909 0.10643939393939393 0.012215909090909123 0.009848484848484834
0 0.25241477272727275 0.09431818181818181 0.005965909090909094 0.018939393939393947
0 0.2589488636363636 0.09867424242424241 0.008806818181818216 0.018560606060606062
0 0.6065533980582525 0.8084142394822006 0.011165048543689295 0.018122977346278275