0 0.6606132075471699 0.23113207547169812 0.0165094339622641 0.030817610062893096
0 0.46627358490566034 0.20566037735849058 0.02311320754716985 0.03018867924528301
0 0.4695754716981132 0.22704402515723268 0.014622641509433947 0.015094339622641504
0 0.3311320754716981 0.14937106918238993 0.016037735849056618 0.020754716981132067
0 0.32688679245283014 0.17358490566037738 0.017924528301886823 0.022641509433962273
0 0.35212264150943395 0.1619496855345912 0.02028301886792451 0.025786163522012562
0 0.30448113207547167 0.4283018867924528 0.017452830188679228 0.03018867924528301
0 0.4450471698113207 0.09371069182389936 0.01084905660377359 0.04654088050314465
0 0.4870283018867924 0.0930817610062893 0.023113207547169792 0.02641509433962265
0 0.5186320754716981 0.054716981132075466 0.021226415094339642 0.013836477987421384
0 0.5160377358490567 0.07421383647798742 0.020754716981132106 0.02012578616352202
0 0.5476415094339623 0.03742138364779874 0.011320754716981128 0.015723270440251576
0 0.5570754716981132 0.07264150943396226 0.01981132075471703 0.024528301886792454
0 0.6863207547169812 0.19276729559748426 0.017924528301886768 0.029559748427672956
0 0.7080188679245283 0.210062893081761 0.017924528301886768 0.013836477987421403
0 0.8601415094339623 0.24748427672955972 0.02028301886792451 0.03836477987421385
0 0.8634433962264151 0.27389937106918233 0.013679245283018872 0.019496855345911966
0 0.9603773584905659 0.3128930817610063 0.01320754716981139 0.040880503144654086
0 0.9867924528301886 0.29371069182389936 0.018867924528301955 0.03773584905660376
0 0.7339622641509433 0.8229559748427673 0.027358490566037744 0.03584905660377369
0 0.7747641509433962 0.8761006289308176 0.025 0.05660377358490572
0 0.40849056603773587 0.7213836477987422 0.022641509433962256 0.028930817610062907
0 0.13018867924528302 0.10817610062893081 0.019811320754716987 0.02893081761006289
0 0.1365566037735849 0.34150943396226413 0.019339622641509437 0.028930817610062907
0 0.011320754716981131 0.31163522012578615 0.016037735849056604 0.01823899371069183
0 0.0936320754716981 0.2169811320754717 0.022169811320754705 0.022641509433962256
0 0.06674528301886792 0.1977987421383648 0.01839622641509434 0.03584905660377357
0 0.1403301886792453 0.2550314465408805 0.025 0.024528301886792444
0 0.14858490566037733 0.220125786163522 0.02358490566037736 0.022641509433962294
0 0.14103773584905663 0.18144654088050313 0.010377358490566025 0.010691823899371077
0 0.1570754716981132 0.17201257861635222 0.02830188679245282 0.0257861635220126
0 0.98125 0.5833333333333334 0.015833333333333373 0.022222222222222247