0 0.6447674418604652 0.26472868217054263 0.012790697674418539 0.03178294573643412
0 0.6534883720930232 0.2496124031007752 0.013953488372093033 0.024806201550387603
0 0.6148255813953489 0.11744186046511629 0.018023255813953483 0.02558139534883721
0 0.5325581395348837 0.47131782945736433 0.027906976744186067 0.031007751937984496
0 0.6843023255813954 0.3965116279069768 0.022093023255813932 0.03178294573643408
0 0.7953488372093024 0.3352713178294574 0.019767441860465168 0.02713178294573648
0 0.9151162790697674 0.3569767441860465 0.022093023255813932 0.028682170542635655
0 0.7319767441860465 0.3875968992248062 0.025581395348837306 0.029457364341085243
0 0.7343023255813953 0.40930232558139534 0.02558139534883719 0.017054263565891535
0 0.37587209302325586 0.6771317829457365 0.02732558139534882 0.04108527131782951
0 0.2709302325581395 0.30891472868217057 0.03023255813953486 0.03333333333333333
0 0.41395348837209306 0.15 0.031395348837209326 0.03178294573643412
0 0.25203488372093025 0.12829457364341088 0.02732558139534885 0.02093023255813953
0 0.36453488372093024 0.956201550387597 0.026744186046511628 0.03023255813953483
0 0.2534883720930233 0.9003875968992249 0.02906976744186045 0.017829457364341123
0 0.24912790697674422 0.75 0.014534883720930253 0.03488372093023251
0 0.9438953488372094 0.9666666666666667 0.025 0.02635658914728689
0 0.8482558139534885 0.7011627906976743 0.022093023255813932 0.03953488372093018
0 0.4450581395348837 0.8934108527131784 0.023837209302325562 0.028682170542635655
0 0.9325581395348838 0.2189922480620155 0.019767441860465168 0.024031007751937977
0 0.3354651162790698 0.980232558139535 0.016279069767441912 0.03023255813953483