0 0.7785714285714286 0.20535714285714288 0.030357142857142888 0.06071428571428574
0 0.20133928571428572 0.4714285714285714 0.02410714285714289 0.05
0 0.12232142857142858 0.3244047619047619 0.03928571428571429 0.03452380952380948
0 0.13794642857142855 0.24583333333333338 0.04017857142857143 0.0392857142857143
0 0.15625 0.5535714285714286 0.028571428571428557 0.035714285714285705
0 0.6241071428571429 0.5095238095238095 0.016071428571428556 0.05238095238095237
0 0.7352678571428571 0.42142857142857143 0.02410714285714289 0.035714285714285705
0 0.7 0.40654761904761905 0.025 0.055952380952380885
0 0.29330357142857144 0.9238095238095239 0.03660714285714283 0.05
0 0.06109375 0.04875 0.0284375 0.0275
0 0.0596875 0.026875 0.035625 0.022916666666666665