0 3.9404296875 2.164713541666667 0.13346354166666644 0.2197265625
0 3.0891927083333335 2.964274088541667 0.13671875 0.15055338541666652
0 2.8352864583333335 3.440348307291667 0.1627604166666668 0.18310546875
0 2.985026041666667 2.1728515625 0.16276041666666644 0.16276041666666652
0 2.970377604166667 1.336669921875 0.15950520833333356 0.15869140625
0 1.8277994791666667 2.231852213541667 0.19205729166666644 0.19124348958333348
0 1.5804036458333335 1.6133626302083335 0.1529947916666668 0.12613932291666674
0 1.4453125 1.715087890625 0.1302083333333334 0.19124348958333326
0 1.2939453125 1.9348144531250002 0.1139322916666666 0.21565755208333348
0 0.9879557291666667 1.7537434895833335 0.1139322916666666 0.22786458333333326
0 0.7828776041666667 1.8391927083333335 0.1399739583333334 0.146484375
0 1.4762369791666667 0.9562174479166667 0.1009114583333334 0.1708984375
0 2.4755859375 0.262451171875 0.07486979166666678 0.10986328125
0 2.277018229166667 0.3336588541666667 0.10091145833333356 0.1953125
0 1.3850911458333335 0.4557291666666667 0.126953125 0.13834635416666663
0 1.4453125 0.262451171875 0.1302083333333334 0.15055338541666669
0 1.6162109375 0.11800130208333334 0.1399739583333334 0.11393229166666669
0 1.005859375 0.665283203125 0.078125 0.14241536458333337
0 0.8479817708333334 0.701904296875 0.13997395833333331 0.15869140625
0 1.2223307291666667 0.7181803385416667 0.0944010416666666 0.11800130208333337
0 3.8037109375 5.198160807291667 0.13346354166666644 0.19124348958333393
0 4.580078125 5.621337890625 0.15625 0.14241536458333304
0 6.077473958333334 2.622477213541667 0.1171875 0.15055338541666652
0 6.114908854166667 2.2115071614583335 0.13346354166666644 0.15869140625
0 4.21875 0.872802734375 0.1953125 0.17496744791666663
0 4.236653645833334 0.44759114583333337 0.107421875 0.13020833333333331
0 4.235026041666667 0.2848307291666667 0.11067708333333356 0.146484375
0 4.189453125 0.067138671875 0.13020833333333356 0.12613932291666669