0 0.5258720930232558 0.35852713178294576 0.014534883720930225 0.03798449612403105
0 0.565406976744186 0.20155038759689925 0.026162790697674382 0.02790697674418603
0 0.5293604651162791 0.21782945736434112 0.019186046511627863 0.0558139534883721
0 0.5421511627906977 0.224031007751938 0.012209302325581461 0.02945736434108528
0 0.12354651162790699 0.19651162790697674 0.04476744186046513 0.04263565891472869
0 0.18546511627906978 0.07093023255813954 0.041860465116279076 0.030232558139534887
0 0.17122093023255813 0.03914728682170543 0.02732558139534882 0.041085271317829464
0 0.05406976744186046 0.6391472868217055 0.03023255813953488 0.041085271317829436
0 0.02994186046511628 0.5662790697674419 0.02616279069767442 0.05348837209302322
0 0.1875 0.789922480620155 0.028488372093023257 0.05426356589147296
0 0.05058139534883721 0.9108527131782945 0.03139534883720931 0.041860465116279104
0 0.15784883720930235 0.6782945736434108 0.03197674418604652 0.021705426356589213
0 0.17848837209302326 0.695736434108527 0.023255813953488372 0.017829457364341123
0 0.45784883720930236 0.9864341085271319 0.040116279069767474 0.025581395348837153