0 0.5036458333333333 0.26319444444444445 0.016319444444444456 0.048611111111111084
0 0.4673611111111111 0.16990740740740742 0.007638888888888914 0.021296296296296324
0 0.48107638888888893 0.16597222222222222 0.01840277777777777 0.03564814814814815
0 0.5178819444444445 0.1599537037037037 0.02534722222222217 0.021759259259259256
0 0.496875 0.2018518518518519 0.009027777777777772 0.023148148148148154
0 0.5140625 0.20393518518518522 0.016319444444444515 0.02824074074074076
0 0.5675347222222222 0.18472222222222226 0.029513888888888916 0.021296296296296268
0 0.3751736111111111 0.2675925925925926 0.03576388888888886 0.01944444444444446
0 0.3675347222222222 0.2935185185185185 0.02743055555555554 0.025
0 0.3935763888888889 0.43657407407407406 0.02465277777777777 0.03611111111111109
0 0.3517361111111111 0.4625 0.027777777777777773 0.03148148148148145
0 0.45277777777777783 0.4837962962962963 0.029166666666666684 0.025925925925925943
0 0.5022569444444445 0.42847222222222225 0.016319444444444456 0.04861111111111116
0 0.540625 0.4356481481481481 0.010416666666666628 0.05185185185185181
0 0.5571180555555556 0.45810185185185187 0.019097222222222286 0.04768518518518522
0 0.5826388888888889 0.3458333333333333 0.026388888888888913 0.03518518518518518
0 0.5967013888888889 0.38564814814814813 0.03229166666666674 0.022222222222222247
0 0.5854166666666667 0.4173611111111112 0.025 0.04583333333333333
0 0.6116319444444445 0.43402777777777785 0.02534722222222217 0.034722222222222245
0 0.609375 0.4050925925925926 0.030555555555555544 0.01759259259259261
0 0.6248263888888889 0.4 0.026041666666666744 0.03611111111111109
0 0.6788194444444445 0.28472222222222227 0.024305555555555542 0.03425925925925924
0 0.6703125 0.25300925925925927 0.015625 0.03657407407407406
0 0.6833333333333332 0.2537037037037037 0.01944444444444446 0.031481481481481485
0 0.701388888888889 0.22569444444444445 0.017361111111111084 0.04027777777777775
0 0.7475694444444445 0.20185185185185184 0.02222222222222217 0.025
0 0.6472222222222221 0.18726851851851856 0.013194444444444457 0.02824074074074076
0 0.6392361111111111 0.14768518518518517 0.013194444444444457 0.041666666666666685
0 0.65625 0.1740740740740741 0.02222222222222217 0.04537037037037038
0 0.6652777777777779 0.10625 0.01666666666666663 0.03287037037037036
0 0.6708333333333333 0.06481481481481483 0.018055555555555543 0.038888888888888896
0 0.6914930555555556 0.039120370370370375 0.01770833333333337 0.02731481481481482
0 0.6690972222222222 0.13310185185185186 0.011111111111111086 0.0273148148148148
0 0.6836805555555556 0.10185185185185185 0.014583333333333372 0.03981481481481481
0 0.7159722222222221 0.0763888888888889 0.015972222222222287 0.03888888888888888
0 0.7225694444444445 0.05856481481481482 0.015972222222222172 0.018981481481481485
0 0.5057291666666667 0.5805555555555556 0.017013888888888856 0.04722222222222217
0 0.5831597222222221 0.5273148148148149 0.022569444444444458 0.04074074074074072
0 0.5196180555555555 0.5798611111111112 0.009375 0.03009259259259261
0 0.5253472222222223 0.5981481481481481 0.011111111111111086 0.03703703703703703
0 0.521701388888889 0.6354166666666666 0.017708333333333257 0.0337962962962963
0 0.5453125 0.5745370370370371 0.02465277777777783 0.03333333333333333
0 0.5696180555555557 0.5817129629629629 0.013541666666666629 0.04398148148148145
0 0.5836805555555556 0.5789351851851852 0.02083333333333337 0.024537037037037027
0 0.5717013888888889 0.6136574074074074 0.012847222222222171 0.042129629629629635
0 0.584201388888889 0.6113425925925926 0.014236111111111087 0.0375
0 0.5946180555555556 0.6268518518518519 0.017013888888888915 0.04629629629629631
0 0.681423611111111 0.6196759259259259 0.012847222222222286 0.024537037037037027
0 0.7293402777777779 0.625462962962963 0.012152777777777828 0.025925925925925943
0 0.6694444444444445 0.6518518518518519 0.014583333333333257 0.04537037037037036
0 0.6498263888888889 0.6789351851851853 0.012152777777777828 0.042129629629629635
0 0.6392361111111111 0.7092592592592593 0.009722222222222285 0.043518518518518554
0 0.7453125 0.6631944444444445 0.012152777777777828 0.03564814814814819
0 0.6916666666666668 0.7347222222222223 0.01875 0.04722222222222217
0 0.6602430555555556 0.7733796296296296 0.01770833333333337 0.03842592592592594
0 0.5467013888888889 0.7923611111111112 0.032986111111111084 0.02638888888888899
0 0.4421875 0.6574074074074074 0.01840277777777777 0.042592592592592536
0 0.45086805555555554 0.694675925925926 0.0149305555555556 0.030092592592592685
0 0.4618055555555555 0.6800925925925926 0.016666666666666687 0.03703703703703703
0 0.47708333333333336 0.6803240740740741 0.02361111111111114 0.03842592592592594
0 0.48055555555555557 0.7185185185185186 0.027777777777777773 0.03611111111111101
0 0.4640625 0.7273148148148147 0.023958333333333314 0.04259259259259261
0 0.47239583333333335 0.7620370370370371 0.026041666666666685 0.037037037037037104
0 0.46859605911330043 0.8532840722495894 0.031034482758620696 0.01888341543513949
0 0.38005952380952385 0.7420634920634921 0.013690476190476204 0.02063492063492064
0 0.36919642857142854 0.7581349206349206 0.023511904761904758 0.030555555555555655
0 0.35491071428571436 0.7644841269841269 0.02648809523809524 0.03611111111111116
0 0.3474702380952381 0.8261904761904761 0.022916666666666686 0.024603174603174467
0 0.38452380952380955 0.7853174603174604 0.03392857142857145 0.03253968253968257
0 0.3169642857142857 0.7402777777777778 0.030357142857142888 0.03214285714285719
0 0.17038690476190477 0.6170634920634921 0.01636904761904762 0.030952380952380964
0 0.05744047619047619 0.7785714285714286 0.017857142857142853 0.025396825396825383
0 0.26607142857142857 0.6950396825396826 0.020833333333333315 0.042460317460317434
0 0.28169642857142857 0.6966269841269841 0.01875 0.032936507936507875
0 0.2985119047619048 0.699404761904762 0.020238095238095243 0.029761904761904892
0 0.30357142857142855 0.6636904761904763 0.017857142857142832 0.028968253968253976
0 0.14717261904761902 0.5628968253968254 0.019345238095238103 0.037698412698412766
0 0.07604166666666667 0.5442460317460318 0.010416666666666657 0.03373015873015879
0 0.06517857142857143 0.5007936507936508 0.013690476190476197 0.025396825396825383
0 0.7689655172413793 0.04281609195402293 0.03275862068965523 0.029310344827586206
0 0.7851293103448277 0.07471264367816087 0.0185344827586207 0.041379310344827606
0 0.7661637931034484 0.2586206896551723 0.0125 0.034482758620689655
0 0.7663793103448276 0.29971264367816086 0.015517241379310348 0.04080459770114942
0 0.7808189655172414 0.26120689655172413 0.02370689655172407 0.025862068965517248
0 0.7868534482758621 0.27442528735632177 0.023706896551724185 0.032758620689655196
0 0.7702586206896551 0.34540229885057466 0.015517241379310348 0.02528735632183907
0 0.75625 0.378735632183908 0.031465517241379415 0.03333333333333333
0 0.8607758620689656 0.11321839080459765 0.012068965517241395 0.031034482758620696
0 0.8719827586206897 0.12499999999999996 0.014655172413793138 0.04655172413793103
0 0.8515086206896553 0.03936781609195396 0.01077586206896558 0.03275862068965517
0 0.9079741379310345 0.19195402298850567 0.01077586206896558 0.04022988505747128
0 0.8200431034482758 0.417816091954023 0.02801724137931035 0.022988505747126433
0 0.7976293103448276 0.44281609195402294 0.028879310344827557 0.029310344827586203
0 0.7689655172413793 0.42126436781609194 0.022413793103448255 0.03793103448275868
0 0.7571120689655173 0.4456896551724137 0.031465517241379304 0.03735632183908046
0 0.7413793103448276 0.48419540229885055 0.023275862068965467 0.03735632183908046
0 0.8079741379310346 0.5175287356321838 0.03232758620689651 0.028160919540229923
0 0.8407327586206897 0.49281609195402293 0.030603448275861977 0.02356321839080465
0 0.8806034482758621 0.4844827586206896 0.02586206896551721 0.02183908045977008
0 0.836853448275862 0.5149425287356321 0.022844827586206862 0.022988505747126433
0 0.8431034482758621 0.54683908045977 0.02586206896551721 0.028160919540229923
0 0.8247844827586207 0.582471264367816 0.041810344827586166 0.030459770114942483
0 0.6612068965517242 0.8433908045977011 0.02327586206896558 0.030459770114942483
0 0.6413793103448276 0.8669540229885058 0.029310344827586165 0.02126436781609194
0 0.5726293103448277 0.8655172413793104 0.02025862068965523 0.036781609195402326
0 0.5390086206896553 0.8839080459770114 0.01422413793103442 0.016091954022988374
0 0.5405172413793105 0.9034482758620691 0.022413793103448255 0.029885057471264343
0 0.5019396551724138 0.920977011494253 0.028879310344827616 0.028160919540229923
0 0.5112068965517241 0.9482758620689655 0.026724137931034477 0.03333333333333333
0 0.4573275862068966 0.8689655172413794 0.013793103448275872 0.03218390804597705
0 0.47801724137931034 0.8741379310344828 0.014655172413793082 0.02298850574712651
0 0.4793103448275862 0.8928160919540231 0.012068965517241395 0.02356321839080465
0 0.43836206896551727 0.9313218390804598 0.02586206896551721 0.02816091954022977
0 0.4364224137931035 0.9117816091954023 0.025431034482758606 0.016666666666666666
0 0.4077586206896552 0.8839080459770114 0.025 0.028735632183908063
0 0.41875 0.875 0.024568965517241338 0.027011494252873643
0 0.43254310344827585 0.864080459770115 0.031465517241379304 0.02586206896551721
0 0.6627155172413793 0.9063218390804598 0.024568965517241283 0.04252873563218388
0 0.6657327586206898 0.8764367816091954 0.028879310344827557 0.028735632183908063
0 0.5907327586206897 0.9508620689655172 0.021120689655172442 0.04310344827586217
0 0.5672413793103449 0.9683908045977011 0.02672413793103442 0.044827586206896586
0 0.5469827586206898 0.9474137931034484 0.015517241379310348 0.040804597701149456
0 0.5545258620689656 0.9172413793103448 0.017672413793103487 0.027586206896551783
0 0.6622844827586207 0.9747126436781609 0.031465517241379304 0.028735632183908063
0 0.9365530303030303 0.38636363636363635 0.031439393939393996 0.02222222222222217
0 0.9854166666666666 0.34696969696969693 0.021590909090909008 0.03131313131313129
0 0.9337121212121212 0.43939393939393934 0.03560606060606062 0.032323232323232254
0 0.9738636363636363 0.445959595959596 0.02045454545454538 0.021212121212121248