0 0.49140625 0.2825 0.0096875 0.0125
0 0.55875 0.2475 0.011875 0.015833333333333335
0 0.48515625 0.11520833333333333 0.0153125 0.01125
0 0.44125 0.10479166666666667 0.00875 0.014583333333333334
0 0.4528125 0.06791666666666667 0.008125 0.015833333333333335
0 0.371875 0.1575 0.0075 0.0125
0 0.26828125 0.18708333333333332 0.0078125 0.016666666666666666
0 0.23359375 0.47729166666666667 0.0121875 0.017916666666666668
0 0.3053125 0.34479166666666666 0.010625 0.01625
0 0.2720703125 0.6150173611111112 0.0069010416666666855 0.00850694444444442
0 0.27571614583333337 0.6029513888888889 0.007161458333333314 0.005208333333333333
0 0.2772135416666667 0.60859375 0.003645833333333371 0.009201388888888913
0 0.3223958333333334 0.7543402777777778 0.0109375 0.009375
0 0.3514973958333334 0.7342881944444445 0.005078125 0.013368055555555657
0 0.35501302083333336 0.7100694444444445 0.009505208333333315 0.009722222222222323
0 0.3497395833333334 0.7637152777777778 0.008072916666666685 0.01423611111111101
0 0.3544270833333334 0.749826388888889 0.00546875 0.010416666666666666
0 0.3341796875 0.7838541666666666 0.006640625 0.013194444444444495
0 0.3342447916666667 0.7927083333333333 0.012239583333333371 0.010416666666666666
0 0.28059895833333337 0.8198784722222223 0.009114583333333315 0.009201388888888839
0 0.25983072916666666 0.8230902777777779 0.007161458333333371 0.00798611111111101
0 0.24446614583333334 0.7965277777777778 0.0069010416666666855 0.0125
0 0.2051432291666667 0.7940972222222223 0.009505208333333343 0.012152777777777828
0 0.18387096774193548 0.7802419354838709 0.01048387096774195 0.009946236559139681
0 0.19526209677419354 0.7942204301075269 0.007862903225806434 0.013172043010752683
0 0.5611842105263157 0.669298245614035 0.01622807017543869 0.01578947368421048
0 0.3022321428571428 0.9142857142857143 0.0055357142857142775 0.017142857142857185
0 0.28321428571428564 0.9380952380952379 0.006785714285714278 0.008095238095238074
0 0.28196428571428567 0.9492857142857141 0.005714285714285722 0.008571428571428593
0 0.26785714285714285 0.9788095238095237 0.007857142857142889 0.01571428571428563
0 0.2625892857142857 0.9814285714285712 0.0058928571428571675 0.010952380952380887
0 0.2878571428571428 0.9778571428571429 0.0075 0.007142857142857186
0 0.2946428571428571 0.9609523809523808 0.005 0.008095238095238074
0 0.30589285714285713 0.9252380952380951 0.0021428571428571104 0.012380952380952446
0 0.3096428571428571 0.9141666666666667 0.007857142857142889 0.00928571428571422
0 0.30794642857142857 0.9202380952380951 0.0055357142857142775 0.011428571428571408
0 0.3133035714285714 0.8905952380952379 0.010178571428571445 0.008809523809523701
0 0.328125 0.8744047619047618 0.0055357142857142775 0.013571428571428594
0 0.3333035714285714 0.8673809523809523 0.008035714285714278 0.008571428571428442
0 0.36258928571428567 0.8730952380952379 0.006964285714285722 0.017142857142857036
0 0.6285714285714287 0.7680555555555556 0.008333333333333371 0.013095238095238073
0 0.6220238095238095 0.7964285714285714 0.005952380952380963 0.009523809523809481
0 0.6319940476190478 0.7503968253968254 0.006845238095238187 0.006349206349206269
0 0.6071428571428571 0.8553571428571428 0.0047619047619047025 0.013888888888888838
0 0.5479166666666667 0.9117063492063492 0.008333333333333371 0.012301587301587308
0 0.5547619047619048 0.9541666666666667 0.008928571428571445 0.008333333333333333
0 0.4936011904761905 0.9448412698412699 0.009821428571428556 0.014285714285714372
0 0.558779761904762 0.975 0.008630952380952295 0.011904761904761927
0 0.862202380952381 0.8821428571428572 0.010714285714285779 0.018253968253968196
0 0.8558035714285714 0.24940476190476193 0.010416666666666742 0.009126984126984136
0 0.859672619047619 0.21488095238095237 0.009821428571428556 0.006746031746031766
0 0.8077380952380953 0.20833333333333334 0.011309523809523853 0.01031746031746032
0 0.8488095238095239 0.1797619047619048 0.007738095238095184 0.014285714285714296
0 0.8882440476190477 0.15119047619047618 0.0050595238095237395 0.014285714285714278
0 0.9002976190476191 0.11646825396825397 0.005952380952380963 0.015476190476190482
0 0.796875 0.29365079365079366 0.008630952380952408 0.019047619047619035
0 0.9086309523809524 0.08293650793650795 0.010119047619047706 0.009523809523809537
0 0.9083333333333333 0.0759920634920635 0.005357142857142889 0.012301587301587308
0 0.8546130952380951 0.5384920634920636 0.009821428571428556 0.015873015873015903
0 0.675595238095238 0.516468253968254 0.007142857142857224 0.008333333333333333
0 0.6848214285714286 0.5083333333333333 0.005952380952380963 0.007936507936507952
0 0.6909226190476191 0.5109126984126985 0.00625 0.004365079365079434
0 0.9049107142857142 0.5448412698412699 0.009821428571428556 0.015873015873015903
0 0.9526785714285715 0.6275793650793652 0.007738095238095184 0.0051587301587301985
0 0.2592948717948718 0.2468660968660969 0.008760683760683747 0.016809116809116783
0 0.2450854700854701 0.23433048433048437 0.008119658119658112 0.008262108262108275
0 0.2643162393162393 0.2792022792022792 0.007264957264957275 0.008547008547008544