0 0.5549107142857143 0.37023809523809526 0.03839285714285711 0.06666666666666662
0 0.5607142857142857 0.047619047619047686 0.026785714285714222 0.03809523809523809
0 0.7883928571428571 0.6482142857142856 0.030357142857142888 0.03214285714285711
0 0.6506410256410257 0.5529914529914529 0.026923076923076907 0.03760683760683757
0 0.6064102564102564 0.5205128205128204 0.02051282051282044 0.03418803418803418
0 0.5365384615384614 0.5226495726495726 0.03846153846153845 0.02991452991452987
0 0.12628205128205128 0.564957264957265 0.021794871794871797 0.02393162393162394
0 0.0673076923076923 0.55 0.024358974358974366 0.043589743589743574
0 0.46223958333333337 0.4788194444444445 0.0296875 0.029861111111111085
0 0.48020833333333335 0.496875 0.020833333333333315 0.027083333333333334
0 0.12942708333333333 0.45208333333333334 0.02552083333333333 0.051388888888888914