0 0.2349576271186441 0.1785310734463277 0.010593220338983059 0.019209039548022607
0 0.2239406779661017 0.18107344632768363 0.006355932203389841 0.02316384180790961
0 0.1978813559322034 0.4641242937853108 0.011016949152542367 0.029943502824858796
0 0.325 0.4627118644067797 0.016101694915254258 0.031638418079096106
0 0.37139830508474575 0.5353107344632769 0.012288135593220374 0.022033898305084752
0 0.290042372881356 0.5423728813559322 0.016525423728813562 0.018079096045197807
0 0.2114406779661017 0.6073446327683616 0.00932203389830508 0.02372881355932206
0 0.15741525423728814 0.606497175141243 0.007203389830508485 0.011864406779660991
0 0.15572033898305085 0.592090395480226 0.008050847457627129 0.012429378531073476
0 0.1398305084745763 0.6115819209039549 0.004237288135593218 0.012994350282485887
0 0.12372881355932204 0.6042372881355932 0.00932203389830508 0.022033898305084752
0 0.37542372881355934 0.6333333333333333 0.01694915254237287 0.02372881355932206
0 0.3082627118644068 0.6612994350282486 0.009745762711864416 0.0163841807909605
0 0.3042372881355932 0.7211864406779661 0.01186440677966101 0.02768361581920908
0 0.174364406779661 0.8234463276836159 0.011440677966101674 0.02203389830508483
0 0.44766949152542374 0.8257062146892655 0.012288135593220374 0.017514124293785394
0 0.4531779661016949 0.8158192090395481 0.01313559322033899 0.010169491525423685
0 0.6953389830508474 0.8217514124293785 0.020338983050847446 0.02203389830508483
0 0.6822033898305085 0.8776836158192091 0.016101694915254258 0.02768361581920908
0 0.604449152542373 0.9372881355932204 0.008050847457627129 0.01694915254237291
0 0.6129237288135594 0.9324858757062148 0.008050847457627129 0.016384180790960424
0 0.6108050847457628 0.9432203389830508 0.019915254237288082 0.010734463276836172
0 0.6254237288135593 0.9412429378531075 0.014406779661017026 0.02259887005649716
0 0.688135593220339 0.9398305084745763 0.011016949152542338 0.016384180790960576
0 0.1379237288135593 0.03870056497175141 0.01567796610169492 0.02768361581920904
0 0.15741525423728814 0.17203389830508475 0.01313559322033899 0.01864406779661016
0 0.17838983050847457 0.13531073446327685 0.013559322033898326 0.015254237288135604
0 0.10105932203389831 0.15423728813559323 0.016525423728813562 0.01807909604519773
0 0.05402542372881356 0.26440677966101694 0.01483050847457627 0.024858757062146915
0 0.11271186440677967 0.40903954802259884 0.012711864406779653 0.012429378531073402