0 0.4106132075471698 0.22861635220125784 0.014622641509433947 0.02578616352201258
0 0.46179245283018866 0.19150943396226414 0.010377358490566053 0.020754716981132067
0 0.6360849056603773 0.1761006289308176 0.012735849056603684 0.012578616352201246
0 0.5613207547169812 0.2449685534591195 0.016037735849056618 0.01823899371069183
0 0.5313679245283018 0.2770440251572327 0.01839622641509436 0.015723270440251555
0 0.40094339622641506 0.44371069182389933 0.013207547169811278 0.02201257861635213
0 0.6950471698113208 0.2034591194968553 0.01839622641509436 0.013207547169811316
0 0.6625 0.18301886792452832 0.010849056603773647 0.015094339622641504
0 0.6018867924528302 0.580503144654088 0.018867924528301955 0.02012578616352198
0 0.45 0.5550314465408804 0.011320754716981128 0.010691823899371077
0 0.4433962264150943 0.5691823899371069 0.016037735849056618 0.012578616352201227
0 0.5820754716981132 0.02421383647798742 0.011320754716981242 0.020754716981132074
0 0.5297169811320754 0.03113207547169811 0.01320754716981139 0.015723270440251572
0 0.5316037735849056 0.033962264150943396 0.012264150943396317 0.01383647798742138
0 0.5330188679245284 0.04968553459119498 0.016037735849056618 0.012578616352201257
0 0.6110849056603773 0.8201257861635219 0.01839622641509436 0.018867924528301803
0 0.5931603773584906 0.7345911949685534 0.013679245283018872 0.027672955974842806
0 0.6841981132075472 0.5625786163522012 0.013679245283018872 0.02327044025157238
0 0.7108490566037735 0.679874213836478 0.014150943396226466 0.017610062893081705
0 0.5931603773584905 0.8632075471698113 0.008018867924528309 0.014465408805031377
0 0.6139150943396225 0.8581761006289307 0.008018867924528309 0.01823899371069183
0 0.5818396226415093 0.8795597484276729 0.009905660377358459 0.01698113207547173
0 0.7108490566037735 0.8858490566037736 0.008490566037735788 0.02830188679245293
0 0.6801886792452829 0.8169811320754716 0.007547169811320828 0.017610062893081854
0 0.36603773584905663 0.6657232704402515 0.017924528301886823 0.015723270440251555
0 0.718503937007874 0.2643044619422572 0.011417322834645574 0.016272965879265106
0 0.7454724409448819 0.27795275590551183 0.017322834645669218 0.013648293963254598
0 0.767224409448819 0.1232283464566929 0.00964566929133855 0.013910761154855645
0 0.7833661417322835 0.05892388451443569 0.012401574803149629 0.012860892388451436
0 0.7688976377952756 0.03976377952755905 0.014566929133858252 0.017585301837270337
0 0.8291666666666667 0.18402777777777776 0.010416666666666628 0.018981481481481485
0 0.8286458333333334 0.269212962962963 0.007986111111111086 0.015277777777777753
0 0.7993055555555556 0.41504629629629636 0.018055555555555543 0.016203703703703696
0 0.7996527777777779 0.6120370370370372 0.014583333333333372 0.02037037037037036
0 0.7532986111111111 0.90625 0.012152777777777714 0.020833333333333332
0 0.794607843137255 0.5483660130718954 0.012745098039215691 0.022222222222222247
0 0.07622549019607842 0.8323529411764705 0.015196078431372556 0.012418300653594694
0 0.1338235294117647 0.30392156862745096 0.01372549019607844 0.020915032679738564
0 0.11495098039215687 0.40816993464052287 0.014215686274509807 0.025490196078431383
0 0.021813725490196077 0.05490196078431372 0.016176470588235296 0.023529411764705885