0 0.7986538461538462 0.23871794871794874 0.013461538461538454 0.030256410256410276
0 0.4298076923076923 0.4153846153846154 0.029615384615384585 0.03794871794871794
0 0.4132692307692307 0.44487179487179485 0.02730769230769232 0.026153846153846187
0 0.4009615384615385 0.4520512820512821 0.02884615384615381 0.043589743589743574
0 0.4273076923076923 0.47128205128205125 0.030769230769230774 0.04512820512820508
0 0.48115384615384615 0.47846153846153844 0.02846153846153845 0.05025641025641024
0 0.5036538461538461 0.49102564102564095 0.02038461538461536 0.053846153846153884
0 0.5196153846153845 0.5033333333333333 0.014615384615384641 0.03333333333333333
0 0.7078846153846153 0.5415384615384615 0.021923076923076906 0.030769230769230792
0 0.676923076923077 0.5807692307692308 0.03846153846153845 0.023076923076923096
0 0.5580769230769231 0.6305128205128204 0.024615384615384643 0.017948717948717937
0 0.5792307692307693 0.6269230769230769 0.032307692307692266 0.024102564102564127
0 0.6019230769230769 0.6384615384615384 0.023846153846153812 0.016410256410256428
0 0.14057692307692307 0.7102564102564102 0.02576923076923076 0.029743589743589684
0 0.10153846153846154 0.6566666666666666 0.024615384615384612 0.028205128205128174
0 0.09826923076923078 0.5594871794871794 0.028846153846153855 0.02256410256410254
0 0.11038461538461539 0.5802564102564103 0.023846153846153854 0.03743589743589746
0 0.19403846153846155 0.5689743589743589 0.01730769230769229 0.021025641025641032
0 0.1926923076923077 0.6156410256410255 0.016923076923076933 0.05487179487179484
0 0.09692307692307692 0.8520512820512819 0.03153846153846155 0.03641025641025635
0 0.12519230769230769 0.8197435897435897 0.02576923076923076 0.03435897435897429
0 0.18019230769230768 0.8256410256410256 0.024230769230769226 0.035897435897435874
0 0.20826923076923076 0.8328205128205127 0.034230769230769224 0.021538461538461433
0 0.29596153846153844 0.8253846153846153 0.03653846153846155 0.027179487179487146
0 0.2919230769230769 0.8410256410256409 0.03153846153846155 0.020512820512820478
0 0.020769230769230766 0.47256410256410253 0.02692307692307692 0.021025641025641032
0 0.855 0.6482051282051282 0.02538461538461536 0.04410256410256413
0 0.923653846153846 0.522051282051282 0.018076923076923095 0.027692307692307697
0 0.9588461538461538 0.5997435897435897 0.02461538461538453 0.03333333333333326
0 0.9832692307692307 0.5920512820512821 0.01884615384615381 0.028205128205128174
0 0.7988461538461538 0.7728205128205127 0.02 0.032820512820512855
0 0.7723076923076924 0.7879487179487179 0.03153846153846155 0.021025641025640956
0 0.8153846153846154 0.8269230769230769 0.014615384615384528 0.017948717948717937
0 0.8442307692307691 0.8269230769230769 0.036923076923076906 0.0282051282051281
0 0.6234615384615384 0.816153846153846 0.019230769230769284 0.03846153846153857
0 0.6063461538461538 0.8279487179487179 0.024230769230769285 0.03230769230769238
0 0.8236607142857142 0.04642857142857149 0.04285714285714266 0.04285714285714285