0 0.37640625 0.14104166666666668 0.0115625 0.012916666666666667
0 0.5778125 0.024791666666666667 0.0125 0.012916666666666667
0 0.58078125 0.01625 0.0103125 0.0125
0 0.5846875 0.031875 0.005625 0.017916666666666668
0 0.27265625 0.168125 0.0128125 0.017916666666666668
0 0.21046875 0.153125 0.0153125 0.017083333333333332
0 0.10921875 0.2810416666666667 0.0115625 0.01375
0 0.15734375 0.23916666666666667 0.0090625 0.015833333333333335
0 0.0621875 0.3302083333333333 0.015 0.017083333333333332
0 0.17390625 0.250625 0.0096875 0.007083333333333333
0 0.17265625 0.5420833333333334 0.0059375 0.0075
0 0.17828125 0.5454166666666667 0.0071875 0.0075
0 0.2009375 0.42520833333333335 0.005625 0.019583333333333335
0 0.17796875 0.6089583333333334 0.0059375 0.01375
0 0.13265625 0.60625 0.0078125 0.0125
0 0.11328125 0.6452083333333334 0.0090625 0.01375
0 0.11875 0.6570833333333334 0.01 0.01
0 0.100625 0.7104166666666667 0.01125 0.015
0 0.08796875 0.7441666666666666 0.0096875 0.008333333333333333
0 0.09 0.7522916666666667 0.006875 0.00875
0 0.07546875 0.795625 0.0109375 0.005416666666666667
0 0.0765625 0.800625 0.008125 0.00625
0 0.3775 0.5572916666666666 0.0125 0.012083333333333333
0 0.40265625 0.665 0.0071875 0.011666666666666667
0 0.406875 0.6741666666666667 0.0125 0.0125
0 0.4009375 0.6252083333333334 0.008125 0.014583333333333334
0 0.12265625 0.38958333333333334 0.0121875 0.013333333333333334
0 0.22828125 0.8995833333333333 0.0071875 0.011666666666666667
0 0.41 0.9235416666666667 0.0175 0.012083333333333333
0 0.36828125 0.9445833333333333 0.0078125 0.015
0 0.5421875 0.7375 0.00875 0.011666666666666667
0 0.5384375 0.7479166666666667 0.008125 0.010833333333333334
0 0.646875 0.9429166666666666 0.01 0.016666666666666666
0 0.71640625 0.3910416666666667 0.0121875 0.014583333333333334
0 0.76390625 0.3960416666666667 0.0140625 0.015416666666666667
0 0.726875 0.2816666666666667 0.009375 0.016666666666666666
0 0.67671875 0.14291666666666666 0.0109375 0.014166666666666666
0 0.67375 0.15395833333333334 0.0125 0.009583333333333333
0 0.61359375 0.03375 0.0128125 0.010833333333333334
0 0.5475 0.4189583333333333 0.009375 0.022916666666666665
0 0.59828125 0.37604166666666666 0.0071875 0.01625
0 0.625625 0.41729166666666667 0.01125 0.012083333333333333
0 0.68515625 0.3958333333333333 0.0140625 0.018333333333333333
0 0.703760162601626 0.5520325203252032 0.007520325203252014 0.02059620596205961
0 0.7179878048780488 0.515040650406504 0.01239837398373993 0.011111111111111086
0 0.716869918699187 0.48279132791327917 0.006910569105691138 0.008401084010840122
0 0.7359922178988326 0.708041504539559 0.0044747081712063165 0.009338521400778215
0 0.7366731517509728 0.7188067444876785 0.0025291828793774585 0.007782101167315128
0 0.7401750972762646 0.7186121919584956 0.0033073929961090014 0.007652399481193242
0 0.744649805447471 0.7234111543450066 0.003112840466926059 0.011543450064850882
0 0.6378891050583659 0.7239299610894941 0.003599221789883245 0.009208819714656329
0 0.6422665369649806 0.7234760051880674 0.008073929961089448 0.007003891050583661
0 0.6191616766467066 0.6699600798403194 0.007784431137724596 0.008183632734530875
0 0.16630291005291004 0.8323192239858905 0.006283068783068785 0.006790123456790146