0 0.43064903846153846 0.12339743589743589 0.005048076923076906 0.012179487179487183
0 0.4456730769230769 0.12003205128205127 0.008173076923076906 0.00865384615384615
0 0.4299278846153846 0.1846153846153846 0.008894230769230774 0.011538461538461548
0 0.4515625 0.21201923076923077 0.007451923076923095 0.013782051282051271
0 0.47680288461538456 0.20096153846153844 0.004086538461538453 0.008333333333333333
0 0.47211538461538466 0.28044871794871795 0.006730769230769227 0.014102564102564125
0 0.47247596153846155 0.36153846153846153 0.008894230769230774 0.012820512820512855
0 0.48810096153846155 0.4129807692307692 0.0064903846153845845 0.013782051282051271
0 0.5506009615384614 0.44342948717948716 0.010336538461538453 0.00993589743589746
0 0.5469951923076922 0.39166666666666666 0.006971153846153811 0.012820512820512855
0 0.5191105769230769 0.3841346153846154 0.009375 0.0060897435897435724
0 0.5216346153846153 0.37756410256410255 0.012019230769230716 0.008333333333333333
0 0.4508413461538462 0.49823717948717955 0.01081730769230768 0.008012820512820554
0 0.4116586538461538 0.49358974358974356 0.009375 0.009615384615384604
0 0.4120192307692307 0.473076923076923 0.009134615384615415 0.01410256410256405
0 0.4308894230769231 0.4538461538461538 0.0074519230769230374 0.01602564102564103
0 0.4081730769230769 0.43493589743589745 0.008653846153846189 0.010256410256410239
0 0.4074519230769231 0.42532051282051275 0.008173076923076962 0.007051282051282063
0 0.37163461538461534 0.3958333333333333 0.007211538461538452 0.012179487179487145
0 0.3734375 0.14919871794871795 0.005528846153846132 0.0125
0 0.3659855769230769 0.1511217948717949 0.005528846153846189 0.011217948717948711
0 0.48377403846153844 0.1655448717948718 0.003605769230769226 0.01121794871794873
0 0.47596153846153844 0.1394230769230769 0.0043269230769230945 0.009615384615384623
0 0.4473557692307692 0.34599358974358974 0.007692307692307679 0.005448717948717937
0 0.44146634615384617 0.2948717948717948 0.003605769230769226 0.010256410256410277
0 0.4526442307692307 0.31169871794871795 0.003846153846153868 0.008012820512820477
0 0.44086538461538466 0.3203525641025641 0.005769230769230774 0.006730769230769208
0 0.2094951923076923 0.4142628205128205 0.007932692307692292 0.008653846153846113
0 0.2628605769230769 0.3427884615384615 0.005048076923076906 0.011217948717948692
0 0.20632352941176468 0.34098039215686277 0.005882352941176492 0.013333333333333334