0 0.1271153846153846 0.15179487179487178 0.016538461538461547 0.018461538461538453
0 0.1425 0.03897435897435897 0.01115384615384616 0.017435897435897435
0 0.2598076923076923 0.025128205128205128 0.01884615384615384 0.01641025641025641
0 0.09038461538461538 0.2697435897435897 0.015384615384615387 0.015384615384615396
0 0.05 0.39282051282051283 0.013846153846153847 0.02153846153846151
0 0.2175 0.31384615384615383 0.007307692307692321 0.02256410256410258
0 0.22865384615384612 0.3082051282051282 0.012692307692307708 0.018461538461538453
0 0.15 0.29512820512820515 0.006153846153846161 0.011794871794871825
0 0.22788461538461538 0.741025641025641 0.015769230769230775 0.01435897435897444
0 0.19615384615384612 0.5987179487179487 0.009230769230769254 0.022051282051281988
0 0.11134615384615384 0.5423076923076923 0.00807692307692308 0.013846153846153812
0 0.3255769230769231 0.6017948717948718 0.01807692307692304 0.030256410256410238
0 0.3588461538461538 0.6517948717948717 0.009230769230769226 0.02153846153846151
0 0.29096153846153844 0.6779487179487179 0.015769230769230716 0.013333333333333334
0 0.3742307692307692 0.7671794871794871 0.014615384615384641 0.02564102564102571
0 0.3119230769230769 0.7974358974358975 0.005384615384615358 0.018461538461538415
0 0.30865384615384617 0.8520512820512819 0.011153846153846132 0.035384615384615396
0 0.1276923076923077 0.7366666666666667 0.009999999999999986 0.025128205128205083
0 0.1419230769230769 0.7382051282051283 0.006153846153846161 0.01076923076923064
0 0.15923076923076923 0.7228205128205127 0.01 0.013846153846153812
0 0.16 0.7417948717948718 0.009230769230769226 0.02
0 0.4521153846153846 0.9482051282051283 0.006538461538461547 0.017435897435897307
0 0.45576923076923076 0.9376923076923076 0.01 0.015897435897435874
0 0.6925347222222222 0.9432870370370371 0.023263888888888914 0.018981481481481446