0 0.15714285714285714 0.42023809523809524 0.04821428571428572 0.07380952380952378
0 0.1263392857142857 0.047023809523809586 0.01517857142857146 0.041666666666666664
0 0.10892857142857143 0.04821428571428578 0.025 0.06547619047619048
0 0.2741071428571428 0.6041666666666666 0.028571428571428557 0.06071428571428571
0 0.1263392857142857 0.6416666666666667 0.04017857142857146 0.05476190476190482
0 0.17142857142857146 0.7380952380952382 0.03214285714285711 0.047619047619047554
0 0.3111607142857143 0.7803571428571429 0.047321428571428556 0.03452380952380963
0 0.08392857142857144 0.9375 0.030357142857142833 0.03452380952380948
0 0.49910714285714275 0.7017857142857143 0.025 0.04880952380952393
0 0.5200892857142857 0.7083333333333334 0.02410714285714289 0.026190476190476146
0 0.8522321428571428 0.575595238095238 0.02410714285714289 0.060714285714285776
0 0.39196428571428565 0.033928571428571495 0.03214285714285711 0.03452380952380952