0 0.34045138888888893 0.25810185185185186 0.016319444444444456 0.031018518518518515
0 0.3126736111111111 0.2502314814814815 0.017013888888888856 0.03009259259259261
0 0.196875 0.39791666666666664 0.023611111111111114 0.026388888888888913
0 0.08854166666666667 0.3224537037037037 0.016666666666666656 0.023611111111111124
0 0.1791666666666667 0.425 0.016666666666666656 0.025
0 0.15590277777777778 0.20208333333333334 0.016666666666666656 0.029166666666666667
0 0.23402777777777778 0.6976851851851852 0.01805555555555557 0.02407407407407421
0 0.246875 0.7354166666666667 0.022222222222222258 0.01990740740740739
0 0.41545138888888894 0.7752314814814815 0.022569444444444458 0.021759259259259277
0 0.28506944444444443 0.9136574074074075 0.02152777777777783 0.024537037037036954
0 0.6203125 0.7342592592592594 0.019791666666666628 0.025925925925925943
0 0.6576388888888889 0.8659722222222224 0.01875 0.0189814814814816
0 0.6434027777777779 0.879861111111111 0.013888888888888914 0.021759259259259277
0 0.7894097222222222 0.925 0.024652777777777714 0.02129629629629623
0 0.9119791666666668 0.9025462962962963 0.018402777777777716 0.022685185185185218
0 0.9333333333333333 0.8087962962962963 0.02291666666666674 0.018518518518518552
0 0.41666666666666663 0.9333333333333333 0.02222222222222223 0.02222222222222217
0 0.2960069444444445 0.06296296296296297 0.018402777777777827 0.021296296296296296
0 0.6789930555555556 0.9895833333333334 0.015625 0.016203703703703772
0 0.7229166666666668 0.9870370370370372 0.01944444444444446 0.02129629629629623