0 0.3580508474576271 0.16214689265536725 0.01186440677966101 0.020338983050847446
0 0.640042372881356 0.14519774011299436 0.010593220338982974 0.024858757062146897
0 0.5684322033898306 0.10621468926553673 0.02076271186440681 0.01694915254237289
0 0.552542372881356 0.19943502824858758 0.022881355932203404 0.01807909604519773
0 0.4478813559322034 0.222316384180791 0.013559322033898298 0.016384180790960462
0 0.46461864406779657 0.2689265536723164 0.02415254237288133 0.024858757062146915
0 0.33389830508474583 0.2649717514124294 0.019491525423728832 0.019209039548022624
0 0.3220338983050848 0.31779661016949157 0.01440677966101697 0.025423728813559327
0 0.29597457627118645 0.3451977401129943 0.021610169491525427 0.025988700564971736
0 0.2783898305084746 0.3663841807909605 0.016101694915254258 0.019774011299435037
0 0.2652542372881356 0.3805084745762712 0.013559322033898298 0.015254237288135604
0 0.28029661016949153 0.3850282485875706 0.025 0.017514124293785245
0 0.27033898305084747 0.43276836158192095 0.017796610169491543 0.024858757062146953
0 0.49216101694915254 0.38898305084745766 0.01737288135593218 0.028813559322033902
0 0.541313559322034 0.3652542372881356 0.01906779661016958 0.018644067796610216
0 0.6016949152542374 0.34463276836158196 0.016101694915254258 0.02824858757062149
0 0.6103813559322034 0.4059322033898305 0.011440677966101702 0.03220338983050844
0 0.4478813559322034 0.4590395480225989 0.016101694915254258 0.02090395480225993
0 0.4671610169491526 0.4759887005649718 0.01737288135593218 0.03446327683615815
0 0.29533898305084744 0.4991525423728814 0.011016949152542395 0.01751412429378532
0 0.17161016949152544 0.5112994350282487 0.012711864406779653 0.02485875706214688
0 0.40169491525423734 0.5805084745762712 0.019491525423728773 0.01751412429378532
0 0.42139830508474574 0.6776836158192091 0.010593220338983031 0.018644067796610216
0 0.4563559322033899 0.6539548022598871 0.021186440677966118 0.023163841807909574
0 0.44152542372881365 0.7576271186440678 0.017796610169491543 0.027118644067796596
0 0.5103813559322034 0.7016949152542373 0.01737288135593218 0.024858757062146953
0 0.5561440677966102 0.6282485875706215 0.01652542372881362 0.021468926553672343
0 0.3531779661016949 0.8 0.01737288135593218 0.03502824858757064
0 0.4614406779661017 0.8847457627118644 0.017796610169491543 0.024858757062146804
0 0.4364406779661017 0.8887005649717515 0.009322033898305108 0.021468926553672343
0 0.5197033898305086 0.9844632768361583 0.013135593220338932 0.02655367231638426
0 0.8105932203389832 0.1728813559322034 0.01694915254237287 0.01694915254237287
0 0.7065677966101696 0.052259887005649715 0.024152542372881385 0.023163841807909605
0 0.5847457627118645 0.010451977401129943 0.020338983050847446 0.01864406779661017
0 0.7766949152542374 0.18785310734463276 0.009322033898305108 0.018644067796610177
0 0.7826271186440679 0.19943502824858758 0.010169491525423723 0.02824858757062149
0 0.3008474576271186 0.1115819209039548 0.01186440677966101 0.019774011299435037
0 0.3169491525423729 0.07598870056497176 0.01186440677966101 0.012994350282485868
0 0.3173728813559322 0.08389830508474576 0.012711864406779683 0.011864406779661019
0 0.31716101694915255 0.09661016949152543 0.011440677966101702 0.020338983050847467
0 0.3421610169491526 0.04124293785310735 0.012288135593220317 0.013559322033898303
0 0.3421610169491526 0.05564971751412429 0.019067796610169465 0.020903954802259886