0 0.5149305555555556 0.26064814814814813 0.017361111111111084 0.025925925925925943
0 0.5196180555555555 0.12106481481481482 0.015624999999999943 0.026388888888888875
0 0.47586805555555556 0.029861111111111113 0.0100694444444444 0.021759259259259256
0 0.44114583333333335 0.18078703703703702 0.017708333333333316 0.015277777777777791
0 0.4230902777777778 0.20833333333333334 0.02326388888888886 0.012037037037037028
0 0.35121527777777783 0.24097222222222225 0.011458333333333315 0.014351851851851848
0 0.3635416666666667 0.2388888888888889 0.011805555555555543 0.01018518518518518
0 0.3357638888888889 0.25300925925925927 0.013194444444444457 0.01990740740740739
0 0.45746527777777785 0.6835648148148148 0.014236111111111142 0.024537037037037027
0 0.41128472222222223 0.5675925925925926 0.010069444444444457 0.015740740740740725
0 0.4659722222222223 0.4263888888888888 0.014583333333333314 0.012037037037037028
0 0.4635416666666667 0.44097222222222227 0.011805555555555543 0.014351851851851885
0 0.46927083333333336 0.4465277777777778 0.012152777777777771 0.0217592592592592
0 0.43020833333333336 0.51875 0.015972222222222228 0.017129629629629637
0 0.42430555555555555 0.5314814814814814 0.017361111111111143 0.014814814814814857
0 0.4375 0.5268518518518519 0.013194444444444457 0.00740740740740739
0 0.5930555555555557 0.9462962962962962 0.01666666666666663 0.012962962962963048
0 0.4355902777777778 0.8960648148148148 0.0163194444444444 0.0189814814814816
0 0.37465277777777783 0.8456018518518519 0.013888888888888857 0.022685185185185218
0 0.30277777777777776 0.8543981481481481 0.01944444444444446 0.01620370370370362
0 0.4986111111111111 0.9729166666666667 0.018055555555555543 0.014351851851851885
0 0.3619791666666667 0.9423611111111112 0.014236111111111087 0.018055555555555658
0 0.35677083333333337 0.9592592592592593 0.017708333333333316 0.01388888888888899
0 0.10642361111111111 0.9601851851851853 0.016319444444444456 0.02129629629629623
0 0.01840277777777778 0.8847222222222223 0.011111111111111113 0.012037037037036952
0 0.05017361111111111 0.7020833333333333 0.011458333333333336 0.018055555555555505
0 0.20503472222222222 0.75 0.010763888888888915 0.02222222222222217
0 0.2204861111111111 0.7546296296296298 0.011805555555555543 0.025
0 0.12986111111111112 0.8814814814814814 0.0076388888888889 0.01759259259259261
0 0.12725694444444446 0.8928240740740742 0.010069444444444457 0.01990740740740739
0 0.21284722222222222 0.9055555555555557 0.0125 0.019444444444444493
0 0.20347222222222222 0.913888888888889 0.00625 0.00740740740740739
0 0.20052083333333334 0.9226851851851852 0.008680555555555542 0.008333333333333333
0 0.209375 0.6055555555555556 0.014583333333333342 0.016666666666666666
0 0.20045620437956205 0.6143552311435522 0.010036496350364956 0.010218978102189719
0 0.24234375 0.17583333333333334 0.0146875 0.015
0 0.165625 0.11625 0.0175 0.020833333333333332
0 0.174375 0.013958333333333333 0.01375 0.019583333333333335
0 0.22 0.22541666666666665 0.02125 0.0225
0 0.285 0.2995833333333333 0.016875 0.013333333333333334
0 0.32484375 0.325 0.0184375 0.015
0 0.1621875 0.25666666666666665 0.01875 0.0225
0 0.1640625 0.48791666666666667 0.006875 0.024166666666666666
0 0.20734375 0.4895833333333333 0.0121875 0.0125
0 0.17671875 0.505 0.0128125 0.025833333333333333
0 0.02265625 0.44729166666666664 0.0128125 0.012916666666666667
0 0.019375 0.48375 0.011875 0.018333333333333333
0 0.82359375 0.08395833333333333 0.0134375 0.022083333333333333
0 0.940625 0.47604166666666664 0.01640625 0.029166666666666667