0 0.28305084745762715 0.1338983050847458 0.017796610169491488 0.050847457627118633
0 0.503177966101695 0.11271186440677966 0.021610169491525427 0.03559322033898305
0 0.43771186440677967 0.04971751412429379 0.0364406779661017 0.037288135593220334
0 0.36419491525423736 0.052259887005649715 0.020762711864406754 0.024293785310734464
0 0.426906779661017 0.1785310734463277 0.038559322033898294 0.027118644067796613
0 0.43050847457627117 0.19887005649717518 0.027966101694915268 0.019209039548022586
0 0.5273305084745763 0.16751412429378532 0.02754237288135596 0.03333333333333333
0 0.4165254237288136 0.4259887005649718 0.03220338983050846 0.04971751412429376
0 0.5777542372881356 0.3437853107344633 0.03262711864406776 0.022033898305084752
0 0.5978813559322034 0.3669491525423729 0.018644067796610216 0.04802259887005645
0 0.5798728813559323 0.39858757062146893 0.01822033898305085 0.04124293785310738
0 0.6205508474576272 0.42203389830508475 0.014830508474576277 0.039548022598870074
0 0.6332627118644069 0.40225988700564974 0.013135593220338932 0.01694915254237291
0 0.6584745762711864 0.41129943502824867 0.035593220338982975 0.02937853107344631
0 0.6756355932203391 0.19463276836158191 0.03177966101694915 0.024293785310734468
0 0.677542372881356 0.21384180790960455 0.028813559322033826 0.020903954802259893
0 0.699364406779661 0.2152542372881356 0.028389830508474573 0.02259887005649716
0 0.7201271186440679 0.22796610169491524 0.034322033898305106 0.02429378531073443
0 0.7334745762711865 0.10282485875706217 0.018644067796610216 0.03502824858757062
0 0.9559322033898305 0.17824858757062148 0.022881355932203404 0.04802259887005649
0 0.7031779661016949 0.011299435028248588 0.04194915254237287 0.02146892655367232
0 0.8286016949152543 0.7110169491525424 0.02669491525423723 0.05141242937853106
0 0.7383474576271187 0.8895480225988701 0.033474576271186496 0.02768361581920908
0 0.7364406779661017 0.9155367231638418 0.016101694915254258 0.03220338983050836
0 0.791949152542373 0.9771186440677966 0.01694915254237287 0.027683615819208928
0 0.6620762711864407 0.9768361581920905 0.015677966101694894 0.03050847457627121
0 0.25911016949152543 0.9121468926553674 0.02754237288135593 0.03559322033898313
0 0.21483050847457627 0.9553672316384182 0.01610169491525423 0.039548022598870074
0 0.1794491525423729 0.7420903954802262 0.03516949152542372 0.019774011299435037
0 0.18834745762711863 0.6587570621468927 0.026694915254237287 0.03389830508474582
0 0.06716101694915254 0.8909604519774011 0.01991525423728813 0.01807909604519773
0 0.04300847457627119 0.8805084745762712 0.028389830508474576 0.02542372881355929
0 0.2127118644067797 0.04350282485875707 0.02118644067796609 0.030508474576271188
0 0.22478813559322036 0.03220338983050847 0.022457627118644068 0.022598870056497182
0 0.24385593220338983 0.018926553672316385 0.03177966101694915 0.02768361581920904
0 0.2332627118644068 0.053954802259887004 0.024152542372881357 0.019774011299435026
0 0.03728813559322034 0.21610169491525424 0.022881355932203386 0.037853107344632764
0 0.03792372881355932 0.16158192090395482 0.022457627118644064 0.020338983050847467
0 0.00847457627118644 0.088135593220339 0.013559322033898305 0.01807909604519774
0 0.03326271186440678 0.4220338983050848 0.025847457627118643 0.019209039548022624
0 0.010169491525423728 0.4338983050847458 0.01694915254237288 0.04632768361581922
0 0.10614406779661019 0.41016949152542376 0.04279661016949153 0.013559322033898298
0 0.10508474576271186 0.4271186440677966 0.02966101694915254 0.016949152542372833