0 0.3904513888888889 0.3789351851851852 0.017013888888888915 0.01805555555555558
0 0.4131944444444445 0.3247685185185185 0.008333333333333371 0.0125
0 0.48923611111111115 0.3194444444444445 0.011805555555555543 0.022222222222222247
0 0.4121527777777778 0.39351851851851855 0.00972222222222223 0.012962962962962971
0 0.4189236111111111 0.40717592592592594 0.013541666666666686 0.018055555555555505
0 0.42326388888888894 0.42592592592592593 0.0125 0.02129629629629623
0 0.5064236111111111 0.37986111111111115 0.012847222222222286 0.01805555555555558
0 0.4982638888888889 0.3537037037037038 0.006944444444444457 0.012962962962962971
0 0.4925347222222223 0.3377314814814815 0.011458333333333315 0.018981481481481485
0 0.6552083333333334 0.280787037037037 0.009722222222222172 0.025462962962962934
0 0.6565972222222222 0.24050925925925928 0.009722222222222285 0.023611111111111124
0 0.6671875 0.3706018518518519 0.01145833333333337 0.020833333333333332
0 0.40243055555555557 0.5275462962962963 0.011111111111111143 0.026388888888888837
0 0.5522569444444445 0.5956018518518519 0.015625 0.024537037037037027
0 0.47899305555555555 0.5949074074074074 0.007291666666666686 0.017592592592592535
0 0.46111111111111114 0.6525462962962963 0.011805555555555543 0.016203703703703696
0 0.4956597222222222 0.6516203703703705 0.014236111111111087 0.019907407407407467
0 0.49027777777777776 0.6344907407407407 0.0125 0.016203703703703696
0 0.48628472222222224 0.6152777777777778 0.010763888888888915 0.01759259259259261
0 0.5130208333333334 0.7199074074074074 0.009375 0.018518518518518552
0 0.5227430555555556 0.7430555555555557 0.010763888888888915 0.020370370370370285
0 0.5267361111111111 0.7567129629629631 0.006944444444444457 0.014351851851851885
0 0.5310763888888889 0.7731481481481481 0.010763888888888915 0.020370370370370285
0 0.5458333333333334 0.8337962962962963 0.011111111111111086 0.02222222222222217
0 0.6666666666666667 0.48101851851851857 0.00625 0.013888888888888914
0 0.6720486111111111 0.48217592592592595 0.008680555555555542 0.022685185185185218
0 0.49756944444444445 0.051388888888888894 0.00625 0.018518518518518517
0 0.5013888888888889 0.06504629629629631 0.005555555555555543 0.026388888888888885
0 0.5071180555555556 0.06944444444444445 0.010763888888888858 0.02222222222222223
0 0.6822916666666667 0.015740740740740743 0.0076388888888888 0.01666666666666667
0 0.6217013888888889 0.011805555555555557 0.013541666666666742 0.01064814814814815