0 0.6168619791666667 0.46588541666666666 0.007942708333333371 0.011284722222222248
0 0.6118489583333334 0.4720486111111112 0.0046875 0.010763888888888915
0 0.729040404040404 0.6806397306397306 0.011111111111111086 0.017171717171717168
0 0.6871212121212121 0.705050505050505 0.008585858585858658 0.017508417508417553
0 0.6828282828282828 0.7181818181818181 0.00505050505050508 0.013468013468013547
0 0.14646464646464646 0.21666666666666667 0.011111111111111115 0.011784511784511778
0 0.2645700636942675 0.5910828025477707 0.013216560509554142 0.011464968152866278
0 0.386624203821656 0.6109341825902336 0.0070063694267516324 0.01804670912951163
0 0.2789012738853503 0.6451167728237792 0.00843949044585986 0.010403397027600856
0 0.638375 0.19 0.01575 0.019333333333333334
0 0.711125 0.10833333333333334 0.00975 0.013333333333333334
0 0.6835 0.0495 0.0105 0.013666666666666667
0 0.6215174129353234 0.10920398009950247 0.008457711442786035 0.008789386401326699
0 0.6144278606965173 0.11633499170812601 0.005472636815920396 0.005804311774461023
0 0.6215796019900497 0.11650082918739633 0.007089552238805936 0.005140961857379769
0 0.7206980519480519 0.42034632034632036 0.0092532467532468 0.013852813852813825
0 0.7757165605095541 0.18991507430997875 0.0078025477707006985 0.013800424628450098
0 0.7726910828025477 0.15870488322717619 0.008121019108280279 0.014225053078556262
0 0.7664012738853503 0.17176220806794057 0.006687898089171995 0.008067940552016997
0 0.7749203821656051 0.2024416135881104 0.005573248407643291 0.007855626326963905
0 0.697531847133758 0.23237791932059448 0.006210191082802453 0.009554140127388526
0 0.012326388888888888 0.700925925925926 0.010069444444444443 0.01481481481481478
0 0.10122126436781609 0.493007662835249 0.0125 0.010153256704980853
0 0.17492816091954022 0.5011494252873563 0.009626436781609186 0.009961685823754805
0 0.16278735632183908 0.506992337164751 0.006321839080459767 0.005172413793103487
0 0.15445402298850575 0.5028735632183908 0.006896551724137936 0.007662835249042094