0 0.33392857142857146 0.15892857142857147 0.025 0.06785714285714284
0 0.065625 0.2666666666666667 0.03660714285714286 0.05238095238095237
0 0.03616071428571429 0.3428571428571429 0.029464285714285724 0.052380952380952334
0 0.061607142857142846 0.36488095238095236 0.0375 0.041666666666666664
0 0.01785714285714287 0.5017857142857143 0.02678571428571429 0.058333333333333334
0 0.1294642857142857 0.9059523809523811 0.035714285714285705 0.04047619047619037
0 0.0625 0.9017857142857144 0.023214285714285694 0.07738095238095244
0 0.44196428571428564 0.5446428571428572 0.03214285714285711 0.04404761904761904
0 0.4375 0.35773809523809524 0.026785714285714222 0.01785714285714289
0 0.4107142857142857 0.3863095238095239 0.021428571428571446 0.048809523809523775
0 0.428125 0.39940476190476193 0.01875 0.03214285714285711
0 0.03928571428571429 0.03750000000000007 0.014285714285714278 0.03452380952380952
0 0.012053571428571438 0.12202380952380959 0.024107142857142876 0.05595238095238094