0 0.4190972222222223 0.15717592592592594 0.015972222222222228 0.023611111111111104
0 0.4640625 0.10046296296296298 0.011458333333333315 0.023148148148148154
0 0.6355902777777779 0.08240740740740742 0.014930555555555542 0.018518518518518514
0 0.5611111111111111 0.14583333333333334 0.01666666666666663 0.023148148148148154
0 0.53125 0.18032407407407405 0.01666666666666663 0.018055555555555543
0 0.6934027777777778 0.11157407407407408 0.025 0.02777777777777779
0 0.6611111111111111 0.09050925925925926 0.0138888888888888 0.01712962962962963
0 0.40503472222222225 0.3458333333333333 0.017013888888888915 0.025925925925925904
0 0.6024305555555556 0.4791666666666667 0.020138888888888914 0.011111111111111086
0 0.6859375 0.4594907407407407 0.014236111111111087 0.0282407407407408
0 0.5494791666666667 0.49976851851851856 0.0142361111111112 0.008796296296296306
0 0.4421875 0.4682870370370371 0.016319444444444456 0.017129629629629637
0 0.44600694444444444 0.4486111111111112 0.015625 0.015740740740740798
0 0.36840277777777775 0.5622685185185186 0.01875 0.018981481481481446
0 0.5953125 0.6324074074074074 0.010763888888888915 0.025
0 0.7111111111111111 0.5780092592592593 0.0173611111111112 0.018981481481481446
0 0.6104166666666667 0.7215277777777779 0.015277777777777715 0.018055555555555658
0 0.5770833333333334 0.8171296296296295 0.009722222222222172 0.012962962962963048
0 0.5831597222222221 0.7900462962962964 0.010069444444444457 0.014351851851851885
0 0.6125 0.7627314814814814 0.004861111111111086 0.014351851851851734
0 0.6201388888888889 0.7615740740740742 0.004166666666666742 0.013888888888888838
0 0.7128472222222222 0.7819444444444444 0.010416666666666628 0.02129629629629623
0 0.11711309523809524 0.32202380952380955 0.01279761904761905 0.021825396825396828
0 0.13839285714285718 0.2132936507936508 0.008333333333333344 0.01944444444444442
0 0.07217261904761905 0.746825396825397 0.01636904761904762 0.015079365079364986
0 0.7944940476190477 0.44484126984126987 0.011011904761904702 0.018253968253968272
0 0.8007440476190477 0.5093253968253969 0.016369047619047592 0.012301587301587308
0 0.7979166666666667 0.31765873015873014 0.013690476190476262 0.018650793650793654
0 0.7595394736842105 0.8135964912280701 0.015131578947368326 0.032456140350877224
0 0.7232311320754717 0.17688679245283015 0.0125 0.015408805031446529
0 0.7452830188679245 0.18270440251572329 0.013679245283018872 0.012578616352201265
0 0.7641509433962265 0.03537735849056604 0.009905660377358459 0.016037735849056607
0 0.9536556603773585 0.07342767295597484 0.01061320754716985 0.012264150943396222
0 0.9580188679245282 0.039779874213836476 0.008018867924528309 0.021698113207547165
0 0.9829009433962264 0.05235849056603774 0.015330188679245339 0.018553459119496855
0 0.8260613207547169 0.09245283018867925 0.011556603773584926 0.015094339622641513