0 0.6206597222222223 0.21944444444444441 0.014236111111111087 0.018518518518518514
0 0.6074652777777778 0.18333333333333332 0.018402777777777827 0.026851851851851866
0 0.5934027777777778 0.09629629629629631 0.0125 0.023148148148148154
0 0.5328125 0.225 0.019791666666666628 0.024074074074074057
0 0.384375 0.2988425925925926 0.011111111111111086 0.013425925925925944
0 0.2541666666666667 0.15416666666666667 0.010416666666666657 0.019444444444444438
0 0.34756944444444443 0.46967592592592594 0.011111111111111086 0.024537037037037104
0 0.35941091954022986 0.5958812260536398 0.005890804597701162 0.014750957854406124
0 0.3633620689655172 0.6028735632183908 0.004022988505747151 0.005747126436781627
0 0.49545454545454537 0.5176767676767676 0.00696969696969694 0.01595959595959592
0 0.5022727272727272 0.522020202020202 0.010909090909090934 0.00969696969696967
0 0.5 0.5308080808080807 0.009090909090909064 0.013535353535353503
0 0.573625 0.9151666666666667 0.01625 0.023
0 0.56175 0.7023333333333334 0.0085 0.015333333333333332
0 0.579625 0.7086666666666667 0.01075 0.02
0 0.567 0.7356666666666667 0.0205 0.020666666666666667
0 0.564125 0.783 0.00675 0.02
0 0.58 0.76 0.0105 0.018
0 0.6652439024390244 0.008130081300813009 0.010569105691056848 0.015176151761517615
0 0.6695121951219513 0.025203252032520326 0.006504065040650403 0.013008130081300813