0 0.31875 0.3809523809523809 0.04107142857142856 0.04761904761904763
0 0.1486607142857143 0.06726190476190483 0.029464285714285724 0.060714285714285714
0 0.014732142857142869 0.10000000000000006 0.018750000000000013 0.05
0 0.040625 0.1077380952380953 0.020535714285714306 0.04404761904761904
0 0.06026785714285714 0.4559523809523809 0.03839285714285714 0.023809523809523777
0 0.02053571428571428 0.5285714285714286 0.01964285714285714 0.05238095238095237
0 0.04732142857142857 0.5571428571428572 0.023214285714285722 0.026190476190476146
0 0.41696428571428573 0.6047619047619047 0.023214285714285667 0.026190476190476146
0 0.39375 0.6148809523809523 0.0375 0.0392857142857143
0 0.4075892857142857 0.6446428571428571 0.016964285714285664 0.041666666666666664
0 0.4089285714285714 0.7869047619047619 0.025 0.05952380952380948
0 0.05178571428571429 0.9702380952380952 0.0375 0.042857142857142816