0 0.33940972222222227 0.2585648148148148 0.012847222222222229 0.025462962962962972
0 0.38767361111111115 0.30092592592592593 0.010069444444444457 0.018518518518518514
0 0.37274305555555554 0.35185185185185186 0.012152777777777771 0.02500000000000004
0 0.29288194444444443 0.2668981481481482 0.012847222222222171 0.014351851851851848
0 0.21059027777777778 0.2131944444444444 0.014236111111111114 0.018981481481481485
0 0.20850694444444445 0.3305555555555556 0.016319444444444456 0.016666666666666666
0 0.19253472222222223 0.3284722222222222 0.008680555555555542 0.00972222222222221
0 0.15434027777777778 0.3277777777777778 0.01006944444444443 0.008333333333333333
0 0.15885416666666669 0.33958333333333335 0.008680555555555572 0.013425925925925905
0 0.30850694444444443 0.3840277777777778 0.008680555555555542 0.016203703703703696
0 0.30069444444444443 0.4425925925925926 0.013888888888888914 0.025
0 0.16788194444444446 0.5541666666666667 0.010763888888888885 0.021296296296296306
0 0.5168402777777779 0.85625 0.014930555555555542 0.018981481481481446
0 0.1295138888888889 0.3645833333333333 0.01180555555555557 0.021759259259259277
0 0.6986111111111111 0.5530092592592593 0.015972222222222287 0.018981481481481446
0 0.8545138888888889 0.8370370370370371 0.013194444444444457 0.023148148148148116
0 0.7121527777777779 0.7245370370370371 0.010416666666666628 0.018518518518518552
0 0.6859375 0.6141203703703705 0.016319444444444456 0.016203703703703696
0 0.6557291666666667 0.725925925925926 0.010069444444444457 0.023148148148148116
0 0.60625 0.6736111111111112 0.015277777777777828 0.01944444444444442
0 0.6142361111111111 0.669212962962963 0.0111111111111112 0.018981481481481446
0 0.6171875 0.6789351851851853 0.014930555555555542 0.010648148148148115
0 0.6241319444444445 0.6678240740740741 0.008680555555555542 0.01064814814814819
0 0.2078125 0.913888888888889 0.015625 0.011111111111111162
0 0.20138888888888892 0.8907407407407408 0.008333333333333344 0.012037037037036952
0 0.14774305555555553 0.9629629629629629 0.013541666666666657 0.020370370370370285
0 0.12378472222222223 0.1560185185185185 0.0107638888888889 0.018518518518518535
0 0.07291666666666667 0.02800925925925926 0.010416666666666657 0.01990740740740741