0 0.35365384615384615 0.5617948717948718 0.006538461538461547 0.017948717948717937
0 0.345 0.5774358974358974 0.012307692307692322 0.016410256410256428
0 0.3205769230769231 0.6256410256410255 0.013461538461538509 0.014358974358974364
0 0.31653846153846155 0.6428205128205129 0.01 0.014871794871794842
0 0.30615384615384617 0.6525641025641026 0.010769230769230774 0.018974358974359045
0 0.5096153846153847 0.6846153846153846 0.01307692307692315 0.021538461538461586
0 0.7448076923076923 0.643076923076923 0.005769230769230717 0.025641025641025637
0 0.6721153846153846 0.5789743589743589 0.011153846153846075 0.016410256410256428
0 0.6145114942528734 0.6578544061302682 0.008045977011494301 0.014942528735632172
0 0.6268678160919541 0.6299808429118774 0.012931034482758605 0.016666666666666666
0 0.6444683908045977 0.6096743295019157 0.005890804597701162 0.009386973180076665
0 0.6499281609195402 0.621934865900383 0.01795977011494256 0.022030651340996202
0 0.6234513274336282 0.6479351032448377 0.011504424778761064 0.013864306784660812
0 0.2091049382716049 0.8967078189300411 0.013271604938271623 0.01975308641975304
0 0.09737654320987653 0.18786008230452672 0.01141975308641976 0.018518518518518514
0 0.5753205128205127 0.1 0.012179487179487183 0.03931623931623931
0 0.3676282051282051 0.14615384615384616 0.01987179487179486 0.02393162393162394
0 0.42243589743589743 0.058974358974358966 0.017948717948717954 0.02905982905982905
0 0.3413461538461538 0.03205128205128205 0.009615384615384585 0.017948717948717947
0 0.3307692307692307 0.04786324786324787 0.015384615384615415 0.020512820512820516
0 0.15512820512820513 0.016239316239316237 0.015384615384615387 0.02222222222222222
0 0.3019230769230769 0.9769230769230768 0.014102564102564087 0.020512820512820478
0 0.052564102564102565 0.7547008547008548 0.012820512820512818 0.018803418803418785
0 0.24967948717948718 0.4269230769230769 0.014743589743589752 0.026495726495726558
0 0.23265625 0.46541666666666665 0.0115625 0.016666666666666666
0 0.19109375 0.560625 0.0115625 0.014583333333333334
0 0.22296875 0.49916666666666665 0.0078125 0.015