0 0.6629464285714285 0.26547619047619053 0.04196428571428566 0.04047619047619044
0 0.5857142857142856 0.11190476190476197 0.04285714285714289 0.035714285714285705
0 0.8075892857142857 0.29226190476190483 0.03660714285714289 0.017857142857142853
0 0.8125 0.18511904761904766 0.024999999999999887 0.03214285714285711
0 0.8629464285714286 0.23511904761904767 0.03125 0.0392857142857143
0 0.8991071428571429 0.22142857142857147 0.025000000000000112 0.026190476190476184
0 0.8924107142857142 0.23630952380952386 0.011607142857142889 0.02261904761904763
0 0.7919642857142857 0.31369047619047624 0.030357142857142888 0.03214285714285711
0 0.7294642857142857 0.7452380952380954 0.01607142857142867 0.03809523809523807
0 0.7441964285714284 0.7535714285714288 0.016964285714285664 0.04523809523809526
0 0.013392857142857153 0.6398809523809523 0.021428571428571446 0.04642857142857141