0 0.5376923076923076 0.16564102564102565 0.01692307692307702 0.02666666666666667
0 0.5653846153846155 0.20487179487179485 0.018461538461538453 0.01589743589743591
0 0.6328846153846154 0.3233333333333333 0.031153846153846188 0.034358974358974365
0 0.40846153846153843 0.10153846153846155 0.034615384615384645 0.02358974358974359
0 0.5032692307692308 0.08948717948717948 0.016538461538461547 0.01897435897435897
0 0.48 0.07282051282051281 0.016153846153846133 0.017435897435897442
0 0.7311538461538462 0.4284615384615384 0.026923076923077018 0.029230769230769282
0 0.7332692307692307 0.45564102564102554 0.014230769230769283 0.0323076923076923
0 0.5869230769230769 0.5405128205128205 0.033076923076923094 0.019487179487179523
0 0.5542307692307693 0.795128205128205 0.032307692307692266 0.03333333333333333
0 0.5321153846153845 0.7079487179487179 0.02576923076923083 0.03948717948717937
0 0.7119230769230769 0.823076923076923 0.012307692307692377 0.021538461538461586
0 0.7503846153846153 0.8533333333333334 0.014615384615384528 0.03179487179487175
0 0.5961538461538461 0.887948717948718 0.02846153846153845 0.03333333333333333
0 0.6942307692307693 0.9674358974358974 0.024615384615384643 0.027179487179487146
0 0.42903846153846154 0.6864102564102563 0.019615384615384583 0.028205128205128174
0 0.43653846153846154 0.5741025641025641 0.012307692307692322 0.01897435897435897
0 0.4332692307692308 0.617948717948718 0.018076923076923095 0.01743589743589746
0 0.43038461538461537 0.6353846153846154 0.01769230769230768 0.01846153846153849
0 0.4453846153846154 0.6261538461538461 0.013076923076923094 0.019487179487179523
0 0.46173076923076917 0.638974358974359 0.018846153846153867 0.036923076923076906
0 0.4694230769230769 0.6212820512820513 0.022692307692307737 0.016923076923076905
0 0.6978846153846153 0.45564102564102565 0.01884615384615381 0.026153846153846187
0 0.7146153846153845 0.4658974358974359 0.022307692307692265 0.027179487179487146
0 0.729423076923077 0.48128205128205126 0.018076923076923095 0.024102564102564127
0 0.40596153846153843 0.7148717948717949 0.023461538461538454 0.019487179487179523
0 0.3880769230769231 0.6812820512820512 0.020769230769230772 0.026153846153846114
0 0.3878846153846154 0.7056410256410256 0.02730769230769232 0.01743589743589746
0 0.39442307692307693 0.8141025641025641 0.01884615384615381 0.04358974358974365
0 0.3775 0.8210256410256409 0.01269230769230768 0.04923076923076921
0 0.38711538461538464 0.8930769230769232 0.02730769230769232 0.026153846153846187
0 0.3832692307692307 0.8630769230769232 0.020384615384615414 0.03384615384615381
0 0.395 0.8648717948717949 0.014615384615384641 0.03333333333333318
0 0.4030769230769231 0.8402564102564102 0.012307692307692322 0.030256410256410314
0 0.4213461538461538 0.8441025641025641 0.02269230769230768 0.024615384615384605
0 0.4075 0.8697435897435897 0.014230769230769226 0.03487179487179492
0 0.4271153846153846 0.8641025641025641 0.025769230769230773 0.02256410256410254
0 0.1525 0.7494871794871794 0.01115384615384616 0.022051282051282064
0 0.28211538461538466 0.681025641025641 0.030384615384615416 0.02256410256410254
0 0.18423076923076923 0.7820512820512819 0.018461538461538453 0.015384615384615396
0 0.2625 0.738974358974359 0.02961538461538464 0.032820512820512855
0 0.27326923076923076 0.7769230769230768 0.018076923076923095 0.03897435897435889
0 0.29903846153846153 0.7494871794871794 0.026538461538461545 0.026153846153846187
0 0.3126923076923077 0.75 0.019230769230769225 0.03128205128205127
0 0.3334615384615385 0.7553846153846152 0.027692307692307735 0.024615384615384605
0 0.23384615384615384 0.8635897435897435 0.03 0.04
0 0.20134615384615384 0.9328205128205127 0.02884615384615387 0.021538461538461433
0 0.18634615384615383 0.8123076923076922 0.014230769230769226 0.013333333333333334
0 0.21423076923076922 0.8043589743589743 0.024615384615384612 0.027179487179487146
0 0.21423076923076922 0.8194871794871794 0.02384615384615384 0.027692307692307773
0 0.18730769230769231 0.8246153846153846 0.02615384615384616 0.01743589743589746
0 0.11596153846153845 0.8243589743589743 0.020384615384615386 0.026153846153846187
0 0.15846153846153846 0.8992307692307692 0.015384615384615387 0.026153846153846038
0 0.17653846153846156 0.8797435897435897 0.013076923076923066 0.03230769230769238
0 0.14826923076923076 0.9171794871794872 0.011923076923076934 0.03743589743589746
0 0.12365384615384616 0.8597435897435897 0.01576923076923079 0.038461538461538415
0 0.1398076923076923 0.8582051282051283 0.015769230769230775 0.030256410256410314
0 0.15461538461538463 0.8653846153846152 0.01769230769230768 0.027179487179487146
0 0.23865384615384613 0.9766666666666667 0.019615384615384614 0.03641025641025635
0 0.275 0.9846153846153844 0.015384615384615358 0.02871794871794873
0 0.2890384615384615 0.9751282051282051 0.01269230769230768 0.018974358974359045
0 0.31115384615384617 0.9566666666666667 0.02615384615384613 0.025128205128205083
0 0.3313461538461538 0.9602564102564102 0.02115384615384613 0.025128205128205232
0 0.34230769230769226 0.9528205128205127 0.02230769230769232 0.03794871794871794
0 0.3596153846153846 0.9674358974358974 0.015384615384615415 0.030256410256410314
0 0.3694230769230769 0.9597435897435899 0.016538461538461547 0.03948717948717952
0 0.3828846153846154 0.968974358974359 0.010384615384615358 0.030256410256410314
0 0.34480769230769226 0.9838461538461538 0.031153846153846133 0.02205128205128191
0 0.7734615384615383 0.9787179487179486 0.021538461538461548 0.02307692307692302
0 0.7909615384615385 0.9815384615384615 0.012692307692307623 0.02666666666666667
0 0.7513461538461538 0.7894871794871794 0.016538461538461547 0.02307692307692302
0 0.8140384615384616 0.7905128205128205 0.015 0.024102564102564127
0 0.8217307692307693 0.8089743589743591 0.012692307692307735 0.03948717948717952
0 0.8515384615384616 0.7592307692307692 0.023076923076923096 0.018974358974359045
0 0.8559615384615383 0.7448717948717949 0.02038461538461536 0.02102564102564111
0 0.835 0.5653846153846154 0.026923076923076907 0.026153846153846114
0 0.8875 0.5151282051282051 0.007307692307692264 0.03333333333333333
0 0.8294230769230769 0.47641025641025636 0.019615384615384528 0.014358974358974364
0 0.8219230769230769 0.5153846153846154 0.02230769230769238 0.015384615384615396
0 0.7803846153846153 0.5597435897435897 0.018461538461538567 0.016923076923076905
0 0.7665384615384614 0.5725641025641025 0.02538461538461536 0.025128205128205083
0 0.7794230769230769 0.5869230769230769 0.021923076923076906 0.03128205128205127
0 0.7630769230769231 0.7984615384615384 0.02 0.02666666666666667
0 0.7721153846153845 0.8107692307692308 0.01576923076923083 0.04512820512820508
0 0.6251923076923076 0.9315384615384615 0.018846153846153926 0.015897435897436026
0 0.6011538461538461 0.9623076923076924 0.026923076923077018 0.026153846153846187
0 0.6067307692307692 0.9766666666666667 0.025 0.026153846153846187
0 0.6334615384615384 0.9515384615384616 0.014615384615384528 0.03641025641025635
0 0.6438461538461538 0.9574358974358974 0.02 0.024615384615384605
0 0.6451923076923076 0.9287179487179488 0.007307692307692264 0.030769230769230792
0 0.6601923076923076 0.9374358974358975 0.022692307692307737 0.032820512820512855
0 0.41615384615384615 0.5556410256410257 0.034615384615384645 0.03128205128205127
0 0.44096153846153846 0.5543589743589743 0.030384615384615357 0.03487179487179484
0 0.8621527777777779 0.4152777777777778 0.027083333333333372 0.0342592592592592
0 0.9053030303030303 0.681060606060606 0.016666666666666743 0.040909090909090916
0 0.915719696969697 0.66010101010101 0.017045454545454617 0.02323232323232325
0 0.9189393939393938 0.35984848484848486 0.030303030303030255 0.02676767676767683
0 0.8981060606060605 0.29747474747474745 0.015151515151515128 0.014141414141414165
0 0.8950757575757575 0.2830808080808081 0.011363636363636374 0.018686868686868707
0 0.9549242424242423 0.25277777777777777 0.009090909090909009 0.02070707070707071