0 0.4752604166666667 0.34513888888888894 0.0234375 0.02222222222222221
0 0.6802083333333334 0.2642361111111111 0.026041666666666744 0.017361111111111084
0 0.6802083333333334 0.1826388888888889 0.013541666666666742 0.018055555555555543
0 0.6809895833333334 0.15625 0.0140625 0.020833333333333332
0 0.6739583333333333 0.115625 0.014583333333333257 0.02152777777777777
0 0.62734375 0.48333333333333334 0.019270833333333372 0.034722222222222245
0 0.4794270833333334 0.4934027777777778 0.022395833333333313 0.02430555555555558
0 0.2911458333333334 0.5072916666666667 0.021875 0.028472222222222246
0 0.22526041666666669 0.4086805555555556 0.016145833333333342 0.024305555555555504
0 0.20963541666666669 0.44965277777777785 0.016145833333333342 0.02430555555555558
0 0.25052083333333336 0.38958333333333334 0.032291666666666684 0.01944444444444442
0 0.2296875 0.2763888888888889 0.015625 0.029166666666666667
0 0.21328125 0.19097222222222224 0.011979166666666657 0.02777777777777779
0 0.3963541666666667 0.13541666666666666 0.01875 0.026388888888888896
0 0.4796875 0.09409722222222223 0.026041666666666685 0.024305555555555552
0 0.33203125 0.03958333333333333 0.0140625 0.030555555555555558
0 0.375 0.07361111111111113 0.021875 0.029166666666666678
0 0.2572916666666667 0.12569444444444447 0.027083333333333372 0.025
0 0.2276041666666667 0.10520833333333333 0.015625 0.0326388888888889
0 0.21380208333333334 0.06215277777777778 0.018229166666666685 0.029861111111111106
0 0.05078125 0.07083333333333333 0.018229166666666664 0.025
0 0.15364583333333334 0.22534722222222225 0.013541666666666686 0.020138888888888876
0 0.13203125 0.23298611111111112 0.015104166666666672 0.02430555555555558
0 0.1203125 0.4295138888888889 0.021875 0.024305555555555504
0 0.1557291666666667 0.4166666666666667 0.015625 0.029166666666666667
0 0.4395833333333334 0.6878472222222223 0.019791666666666687 0.028472222222222173
0 0.4981770833333334 0.628125 0.013020833333333315 0.02430555555555558
0 0.9744791666666668 0.5555555555555556 0.015625 0.029166666666666667