0 0.5509943181818182 0.30530303030303035 0.012215909090909123 0.019696969696969706
0 0.6399147727272727 0.011742424242424242 0.006534090909090878 0.017424242424242425
0 0.647159090909091 0.007575757575757576 0.011363636363636374 0.01212121212121212
0 0.6678977272727272 0.02196969696969697 0.014204545454545496 0.015151515151515154
0 0.6791193181818183 0.041098484848484856 0.008238636363636373 0.014772727272727276
0 0.6875 0.050568181818181825 0.009090909090909009 0.0125
0 0.7086647727272728 0.06609848484848485 0.007670454545454504 0.01022727272727272
0 0.7103693181818183 0.08541666666666667 0.011079545454545382 0.016287878787878792
0 0.7017045454545455 0.09753787878787878 0.007954545454545383 0.018560606060606062
0 0.7066761363636362 0.13882575757575757 0.010511363636363626 0.020833333333333332
0 0.6207386363636362 0.15 0.007386363636363626 0.011363636363636374
0 0.6205965909090909 0.1740530303030303 0.009375 0.014015151515151501
0 0.626278409090909 0.1875 0.008806818181818131 0.013636363636363663
0 0.7122159090909091 0.1702651515151515 0.00625 0.01780303030303031
0 0.5617897727272727 0.42556818181818185 0.009943181818181756 0.015530303030303002
0 0.5532670454545455 0.4556818181818182 0.013352272727272747 0.01742424242424242
0 0.4474431818181818 0.46988636363636366 0.014772727272727252 0.014015151515151501
0 0.3504261363636364 0.5505681818181818 0.010511363636363626 0.01931818181818183
0 0.5025568181818182 0.8897727272727274 0.009659090909090878 0.01439393939393949
0 0.4724431818181818 0.7772727272727273 0.008522727272727251 0.009848484848484834
0 0.4623579545454546 0.7683712121212121 0.008238636363636373 0.013257575757575827
0 0.3397727272727272 0.8443181818181819 0.015909090909090935 0.016666666666666666
0 0.48394886363636364 0.8820075757575757 0.006534090909090878 0.007954545454545495
0 0.4900568181818182 0.903030303030303 0.010795454545454504 0.020454545454545496
0 0.4676136363636364 0.9204545454545455 0.007386363636363626 0.013636363636363663
0 0.5005681818181819 0.9265151515151515 0.007386363636363626 0.01590909090909099
0 0.30625 0.6956439393939393 0.009659090909090878 0.017045454545454503
0 0.26150568181818185 0.5464015151515151 0.008806818181818186 0.01628787878787883
0 0.2184659090909091 0.40511363636363634 0.011931818181818188 0.018560606060606083
0 0.11761363636363638 0.12613636363636363 0.007954545454545454 0.012878787878787894
0 0.02315340909090909 0.11041666666666666 0.014488636363636365 0.01931818181818183
0 0.184375 0.04090909090909091 0.010227272727272748 0.015151515151515155
0 0.16917613636363638 0.1446969696969697 0.008238636363636346 0.015151515151515147
0 0.2296875 0.21420454545454545 0.008806818181818186 0.01780303030303033
0 0.1169034090909091 0.1375 0.01051136363636364 0.016666666666666666
0 0.8085227272727272 0.05113636363636363 0.009090909090909122 0.01818181818181818
0 0.7741477272727273 0.1005681818181818 0.013068181818181757 0.020833333333333332
0 0.8188920454545455 0.11117424242424241 0.007102272727272748 0.01477272727272727