0 0.361228813559322 0.12627118644067797 0.012711864406779625 0.025423728813559327
0 0.3366525423728814 0.12090395480225989 0.013983050847457662 0.020338983050847446
0 0.4885593220338983 0.2536723163841808 0.01737288135593218 0.029943502824858758
0 0.1333686440677966 0.2586158192090396 0.015042372881355917 0.030790960451977413
0 0.15752118644067797 0.23658192090395483 0.009110169491525426 0.016101694915254258
0 0.13516949152542374 0.4792372881355932 0.019915254237288123 0.025141242937853123
0 0.035911016949152545 0.5039548022598871 0.010381355932203394 0.020338983050847446
0 0.22944915254237291 0.43135593220338986 0.01313559322033899 0.02316384180790965
0 0.20116525423728815 0.7241525423728814 0.015466101694915267 0.030225988700564962
0 0.09565677966101696 0.8362994350282487 0.013347457627118644 0.019491525423728794
0 0.11408898305084746 0.8086158192090396 0.009110169491525426 0.021751412429378433
0 0.05254237288135593 0.8398305084745763 0.016101694915254237 0.015254237288135604
0 0.06641949152542374 0.8988700564971753 0.028177966101694922 0.02259887005649716
0 0.5935381355932204 0.07570621468926553 0.011652542372881386 0.022033898305084742
0 0.6353813559322034 0.18290960451977403 0.018644067796610216 0.022316384180790957
0 0.5004237288135593 0.025564971751412428 0.017796610169491543 0.021186440677966104
0 0.11186440677966103 0.9651129943502825 0.017796610169491515 0.016666666666666666
0 0.7200520833333334 0.1996527777777778 0.0234375 0.03680555555555558
0 0.7885416666666667 0.1232638888888889 0.01770833333333337 0.029861111111111123