0 0.4444230769230769 0.3812820512820513 0.015769230769230716 0.009743589743589685
0 0.2505769230769231 0.36256410256410254 0.008076923076923094 0.020512820512820478
0 0.37908878504672894 0.5246105919003115 0.010981308411214969 0.015576323987538975
0 0.36448598130841114 0.5266355140186916 0.007009345794392516 0.014641744548286624
0 0.3816588785046729 0.5671339563862928 0.008177570093457917 0.01028037383177563
0 0.3830607476635514 0.582398753894081 0.010981308411214911 0.02211838006230528
0 0.2990654205607476 0.5730529595015577 0.013551401869158838 0.020249221183800653
0 0.49976635514018686 0.6981308411214953 0.008411214953271042 0.014953271028037307
0 0.4934579439252336 0.6989096573208723 0.005140186915887852 0.009034267912772672
0 0.3658878504672897 0.7467289719626169 0.012616822429906506 0.023052959501557627
0 0.36331775700934577 0.7242990654205608 0.006542056074766379 0.016199376947040493
0 0.6497663551401869 0.8350467289719625 0.005607476635514103 0.01775700934579436
0 0.6464953271028037 0.8116822429906543 0.00560747663551399 0.01962616822429906
0 0.6492990654205607 0.7990654205607477 0.005140186915887852 0.02056074766355141
0 0.6533878504672895 0.8003115264797507 0.006308411214953253 0.012461059190031088
0 0.7637850467289721 0.8281931464174455 0.012149532710280369 0.014018691588784956
0 0.764018691588785 0.8174454828660437 0.009813084112149567 0.009345794392523355
0 0.7143691588785045 0.7093457943925233 0.01004672897196258 0.011838006230529573
0 0.8628504672897195 0.6319314641744548 0.007009345794392516 0.007165109034267895
0 0.8542056074766354 0.6199376947040498 0.008411214953270928 0.011838006230529573
0 0.8608644859813084 0.6194704049844236 0.008177570093457917 0.01339563862928344
0 0.8448598130841122 0.5190031152647975 0.008411214953271042 0.02242990654205611
0 0.8871495327102803 0.5098130841121495 0.010747663551401842 0.01713395638629284
0 0.7524532710280373 0.475233644859813 0.011448598130841106 0.019003115264797466
0 0.9834112149532709 0.07616822429906542 0.007009345794392516 0.017133956386292833
0 0.6983644859813084 0.1761682242990654 0.010280373831775705 0.017133956386292823
0 0.6842289719626168 0.19174454828660434 0.011915887850467244 0.013395638629283477
0 0.47803738317757005 0.09532710280373832 0.007009345794392516 0.018068535825545174
0 0.27575 0.044333333333333336 0.0085 0.016
0 0.212875 0.24933333333333332 0.01475 0.016666666666666666
0 0.181125 0.17316666666666666 0.00475 0.011666666666666667
0 0.185375 0.17516666666666666 0.00625 0.012333333333333333
0 0.6341666666666668 0.4174074074074074 0.010555555555555544 0.03333333333333333
0 0.6522222222222221 0.8833333333333333 0.017777777777777715 0.03185185185185189
0 0.5016666666666666 0.9229629629629629 0.0155555555555556 0.019259259259259275
0 0.5005555555555555 0.9462962962962962 0.011111111111111086 0.02888888888888884