0 0.6711538461538462 0.10743589743589742 0.011538461538461548 0.017948717948717954
0 0.6746153846153845 0.20435897435897438 0.013846153846153925 0.022051282051282026
0 0.9021153846153845 0.21076923076923076 0.012692307692307735 0.02256410256410254
0 0.8965384615384614 0.17871794871794872 0.008461538461538453 0.013846153846153848
0 0.8698076923076923 0.06897435897435897 0.012692307692307623 0.02
0 0.5388461538461539 0.49128205128205127 0.011538461538461548 0.015384615384615396
0 0.38019230769230766 0.2315384615384615 0.010384615384615358 0.01487179487179488
0 0.46461538461538465 0.24897435897435896 0.009230769230769226 0.016923076923076905
0 0.5344230769230769 0.26897435897435895 0.015 0.022051282051282064
0 0.4694230769230769 0.26615384615384613 0.010384615384615358 0.020512820512820516
0 0.4740384615384615 0.2825641025641025 0.014230769230769226 0.021538461538461548
0 0.48 0.30076923076923073 0.013076923076923094 0.01897435897435897
0 0.40980769230769226 0.3384615384615385 0.013461538461538509 0.012307692307692302
0 0.40423076923076917 0.3464102564102564 0.009230769230769226 0.011794871794871787
0 0.49346153846153845 0.3317948717948718 0.013846153846153812 0.02256410256410258
0 0.4969230769230769 0.35179487179487173 0.012307692307692264 0.025641025641025637
0 0.49365384615384617 0.04666666666666667 0.014230769230769226 0.02358974358974359
0 0.41538461538461535 0.08897435897435897 0.007692307692307679 0.011794871794871787
0 0.4075 0.07512820512820512 0.015 0.014871794871794871
0 0.35538461538461535 0.08923076923076922 0.014615384615384641 0.014358974358974364
0 0.3451923076923077 0.09128205128205127 0.006538461538461547 0.010256410256410258
0 0.4321153846153846 0.8025641025641025 0.02115384615384613 0.01435897435897429
0 0.34846153846153843 0.7728205128205127 0.006923076923076906 0.015384615384615396
0 0.3453671328671329 0.7592074592074592 0.006818181818181813 0.010722610722610777
0 0.3513111888111888 0.7980186480186482 0.007867132867132852 0.01888111888111886
0 0.35839160839160844 0.7836829836829838 0.009440559440559411 0.01631701631701632
0 0.35926573426573427 0.8527972027972027 0.00664335664335664 0.020279720279720248
0 0.3600524475524476 0.8723776223776225 0.005769230769230774 0.0184149184149184
0 0.36013986013986016 0.8916083916083917 0.006993006993006986 0.01911421911421909
0 0.3644230769230769 0.9143356643356644 0.010314685314685278 0.014685314685314704
0 0.3663461538461539 0.9299533799533801 0.009265734265734295 0.015151515151515166
0 0.36564685314685313 0.9406759906759907 0.008566433566433546 0.017482517482517473
0 0.3691433566433567 0.9567599067599067 0.009615384615384585 0.01655011655011655
0 0.37089160839160845 0.9692307692307692 0.008566433566433546 0.01585081585081586
0 0.36713286713286714 0.9817016317016317 0.007342657342657389 0.012354312354312393
0 0.3716783216783217 0.9928904428904428 0.008391608391608373 0.012354312354312393
0 0.5988636363636364 0.8933566433566432 0.007517482517482449 0.020745920745920708
0 0.5856643356643357 0.7979020979020979 0.009090909090909009 0.014452214452214472
0 0.58986013986014 0.8135198135198137 0.0066433566433566965 0.017249417249417243
0 0.5930944055944055 0.8005827505827507 0.007517482517482563 0.010955710955711007
0 0.5971153846153846 0.8187645687645687 0.005419580419580371 0.015617715617715628
0 0.5992132867132868 0.8362470862470863 0.006818181818181756 0.017482517482517473
0 0.7506993006993007 0.777972027972028 0.00839160839160843 0.0184149184149184
0 0.7758802816901409 0.875586854460094 0.013732394366197127 0.018309859154929654
0 0.7696302816901409 0.8542253521126761 0.008978873239436667 0.013145539906103294
0 0.7827464788732396 0.9110328638497652 0.008802816901408392 0.022065727699530573