0 0.3890625 0.17476851851851852 0.015625 0.01805555555555556
0 0.34149305555555554 0.2643518518518519 0.009375 0.015740740740740763
0 0.3446180555555555 0.29282407407407407 0.012152777777777771 0.02268518518518518
0 0.503125 0.33935185185185185 0.0125 0.02037037037037036
0 0.7512152777777779 0.12592592592592594 0.012847222222222171 0.021296296296296285
0 0.6359375 0.07268518518518519 0.010069444444444457 0.016666666666666666
0 0.6758680555555556 0.2925925925925926 0.008680555555555542 0.013888888888888914
0 0.5114583333333333 0.43125 0.008333333333333314 0.01990740740740739
0 0.5098958333333333 0.4569444444444445 0.007291666666666742 0.02685185185185181
0 0.7276041666666667 0.3671296296296297 0.010069444444444457 0.028703703703703697
0 0.6722222222222222 0.33425925925925926 0.009027777777777714 0.02222222222222221
0 0.6628472222222221 0.32407407407407407 0.008333333333333371 0.01944444444444446
0 0.6421875 0.256712962962963 0.007291666666666629 0.020833333333333332
0 0.6322916666666667 0.2516203703703704 0.009027777777777714 0.016203703703703734
0 0.6338541666666667 0.24560185185185188 0.005902777777777714 0.02824074074074076
0 0.4588541666666667 0.6550925925925926 0.012847222222222171 0.016666666666666666
0 0.5109375 0.6923611111111112 0.007986111111111086 0.020833333333333332
0 0.5121527777777778 0.7106481481481481 0.0069444444444444 0.015740740740740725
0 0.5135416666666668 0.7305555555555556 0.010416666666666628 0.02129629629629638
0 0.5171875 0.7643518518518518 0.008680555555555542 0.02592592592592579
0 0.4300347222222223 0.7261574074074075 0.0059027777777777716 0.015277777777777828
0 0.43680555555555556 0.7331018518518518 0.009027777777777772 0.011574074074074209
0 0.44305555555555554 0.7548611111111112 0.008333333333333314 0.018981481481481446
0 0.45017361111111115 0.7761574074074074 0.009375 0.014351851851851885
0 0.4546875 0.7914351851851852 0.012152777777777771 0.01712962962962956
0 0.4362847222222223 0.8444444444444444 0.006597222222222228 0.020370370370370438
0 0.6979166666666667 0.8180555555555556 0.010416666666666628 0.019444444444444493
0 0.6776041666666668 0.7131944444444445 0.0065972222222222855 0.014351851851851885
0 0.6739583333333333 0.6726851851851852 0.009027777777777829 0.024074074074074133
0 0.6661458333333332 0.6418981481481482 0.010069444444444457 0.01805555555555558
0 0.6802083333333334 0.7287037037037037 0.004861111111111086 0.025925925925925943
0 0.5885416666666667 0.9254629629629629 0.008333333333333371 0.011111111111111162
0 0.5977430555555556 0.9298611111111111 0.012847222222222286 0.018981481481481446
0 0.517361111111111 0.9817129629629628 0.0076388888888888 0.01620370370370362
0 0.7090277777777778 0.8486111111111112 0.011805555555555543 0.016666666666666666
0 0.39184027777777775 0.22314814814814815 0.008680555555555542 0.024074074074074057
0 0.28055555555555556 0.044444444444444446 0.0125 0.026851851851851852
0 0.8575 0.27060606060606057 0.008030303030303117 0.015151515151515166
0 0.8626515151515151 0.26828282828282823 0.009545454545454617 0.012929292929292917
0 0.8645454545454545 0.2806060606060606 0.006060606060606005 0.007272727272727252
0 0.8948484848484848 0.7061616161616162 0.008787878787878754 0.022020202020202002
0 0.894090909090909 0.7749494949494949 0.005454545454545496 0.01777777777777783
0 0.8975757575757575 0.7805050505050504 0.00575757575757575 0.019595959595959507
0 0.8975 0.7915151515151514 0.005303030303030368 0.02222222222222217
0 0.9059848484848484 0.7945454545454546 0.00924242424242425 0.01858585858585866
0 0.9033333333333332 0.8062626262626261 0.006060606060606005 0.013737373737373673
0 0.9404545454545454 0.9716161616161615 0.00939393939393949 0.015959595959595996