0 0.5820192307692307 0.11961538461538461 0.012884615384615359 0.013076923076923076
0 0.6189423076923076 0.039871794871794874 0.01057692307692298 0.011025641025641027
0 0.6234615384615384 0.08961538461538461 0.01 0.011538461538461537
0 0.6173076923076922 0.10102564102564103 0.009230769230769284 0.010256410256410258
0 0.5076923076923077 0.3992307692307692 0.008461538461538453 0.011794871794871748
0 0.5152884615384615 0.3991025641025641 0.010576923076923095 0.01153846153846151
0 0.5119230769230769 0.4130769230769231 0.008076923076923094 0.00871794871794873
0 0.2586538461538462 0.08807692307692308 0.005769230769230774 0.014615384615384613
0 0.26394230769230775 0.09128205128205127 0.006730769230769227 0.005128205128205139
0 0.3883333333333333 0.19266666666666668 0.012 0.014666666666666666
0 0.295 0.19688888888888892 0.00933333333333337 0.01777777777777779
0 0.39433333333333337 0.4513333333333333 0.008666666666666685 0.02177777777777783
0 0.49816666666666665 0.48022222222222216 0.012333333333333314 0.016444444444444418
0 0.3745 0.4875555555555556 0.007666666666666629 0.013333333333333334
0 0.37966666666666665 0.49111111111111116 0.006666666666666685 0.011555555555555581
0 0.6403735632183907 0.6411877394636015 0.009482758620689652 0.012643678160919535
0 0.6188218390804597 0.6208812260536398 0.008333333333333257 0.006513409961685814
0 0.5887931034482758 0.6540229885057471 0.006896551724138021 0.013793103448275815
0 0.6442528735632184 0.6800766283524904 0.010919540229885115 0.013026819923371704
0 0.6600574712643679 0.6992337164750958 0.009770114942528722 0.010727969348658916
0 0.6084770114942528 0.7875478927203067 0.008908045977011511 0.012643678160919535
0 0.607183908045977 0.7940613026819923 0.008045977011494301 0.012643678160919535
0 0.01597222222222222 0.5803703703703703 0.006944444444444443 0.019259259259259275