0 0.1361607142857143 0.47202380952380946 0.025892857142857183 0.05357142857142852
0 0.05044642857142857 0.42738095238095236 0.040178571428571445 0.04047619047619052
0 0.16071428571428573 0.5952380952380952 0.023214285714285667 0.03809523809523807
0 0.5839285714285714 0.2880952380952381 0.05178571428571434 0.04523809523809522
0 0.6616071428571427 0.37619047619047613 0.0625 0.059523809523809555
0 0.4959821428571428 0.3892857142857143 0.04196428571428566 0.05952380952380948
0 0.8772321428571428 0.45476190476190476 0.03660714285714289 0.03809523809523807
0 0.6892857142857142 0.5291666666666667 0.05714285714285711 0.053571428571428596
0 0.6785714285714286 0.6351190476190476 0.030357142857142888 0.08452380952380956
0 0.41294642857142855 0.7363095238095239 0.03125 0.06071428571428563
0 0.7151785714285713 0.8398809523809524 0.039285714285714333 0.041666666666666664
0 0.17812500000000003 0.6785714285714286 0.02053571428571428 0.03095238095238104
0 0.11875000000000002 0.8363095238095238 0.03571428571428574 0.058333333333333334
0 0.13214285714285715 0.949404761904762 0.03928571428571429 0.04404761904761896
0 0.20535714285714282 0.7142857142857144 0.0375 0.02857142857142859
0 0.22276785714285713 0.7279761904761906 0.024107142857142834 0.03452380952380948
0 0.24642857142857144 0.7375 0.021428571428571446 0.03452380952380948
0 0.2665178571428571 0.755952380952381 0.02589285714285717 0.03571428571428578
0 0.26517857142857143 0.730952380952381 0.03392857142857139 0.04523809523809526