0 0.5725694444444445 0.3502314814814814 0.020138888888888914 0.015277777777777753
0 0.6003472222222221 0.33263888888888893 0.014583333333333372 0.016203703703703696
0 0.6097222222222222 0.3212962962962963 0.01944444444444446 0.014814814814814819
0 0.6133680555555556 0.3085648148148148 0.013541666666666629 0.011574074074074058
0 0.6734375 0.19259259259259262 0.015625 0.01759259259259261
0 0.5378472222222221 0.4337962962962963 0.015277777777777715 0.026851851851851887
0 0.45677083333333335 0.5520833333333334 0.011458333333333315 0.02731481481481478
0 0.46597222222222223 0.5266203703703705 0.024305555555555542 0.027314814814814858
0 0.41059027777777785 0.5145833333333333 0.017708333333333316 0.01805555555555558
0 0.40850694444444446 0.5594907407407407 0.021875 0.02268518518518514
0 0.3829861111111111 0.46412037037037035 0.02013888888888886 0.01990740740740739
0 0.3229166666666667 0.4335648148148148 0.02083333333333337 0.015277777777777753
0 0.3125 0.5148148148148148 0.018055555555555543 0.021296296296296306
0 0.3338541666666666 0.6094907407407408 0.01840277777777777 0.029166666666666667
0 0.5595486111111111 0.7564814814814814 0.016319444444444456 0.03240740740740739
0 0.560763888888889 0.832638888888889 0.019444444444444344 0.0310185185185184
0 0.4015625 0.8578703703703704 0.023958333333333314 0.01759259259259261
0 0.3348958333333334 0.8192129629629629 0.02673611111111114 0.028240740740740723
0 0.6081597222222223 0.6370370370370371 0.015625 0.018518518518518476
0 0.6289930555555556 0.6402777777777778 0.025347222222222285 0.024074074074074057
0 0.19114583333333335 0.8037037037037038 0.019097222222222227 0.023148148148148116
0 0.22881944444444446 0.7282407407407409 0.00972222222222223 0.029629629629629714
0 0.2607638888888889 0.6849537037037038 0.012500000000000028 0.03194444444444442
0 0.14861111111111114 0.695138888888889 0.011111111111111115 0.026388888888888837
0 0.12881944444444446 0.6659722222222223 0.018750000000000013 0.023611111111111163
0 0.103125 0.7016203703703704 0.015972222222222228 0.01990740740740739
0 0.10277777777777777 0.7275462962962964 0.014583333333333328 0.014351851851851885
0 0.24375 0.5625 0.01875 0.022222222222222247
0 0.27118055555555554 0.19236111111111112 0.017361111111111143 0.021759259259259277
0 0.33663194444444444 0.18958333333333333 0.020486111111111087 0.018981481481481485
0 0.3159722222222222 0.12916666666666668 0.0125 0.018518518518518514
0 0.3296875 0.11435185185185184 0.012152777777777771 0.016666666666666666
0 0.3982638888888889 0.13773148148148148 0.024305555555555542 0.021759259259259277
0 0.48489583333333336 0.14421296296296296 0.012152777777777771 0.025462962962962972
0 0.49079861111111106 0.19722222222222224 0.013541666666666686 0.015740740740740763
0 0.3421875 0.70625 0.02465277777777777 0.024537037037037104
0 0.937768817204301 0.23763440860215052 0.01908602150537638 0.022222222222222247
0 0.803763440860215 0.16953405017921144 0.01451612903225805 0.020071684587813613
0 0.7656914893617021 0.8535460992907802 0.020744680851063776 0.030496453900709184
0 0.9257978723404255 0.8092198581560283 0.015425531914893667 0.015602836879432591
0 0.9380319148936169 0.7875886524822695 0.02074468085106389 0.026241134751773035
0 0.7098404255319148 0.9578014184397161 0.02819148936170211 0.03758865248226948