0 0.09791666666666667 0.21979166666666666 0.032291666666666656 0.03402777777777779
0 0.17317708333333334 0.6760416666666667 0.022395833333333313 0.03263888888888891
0 0.134375 0.47673611111111114 0.02708333333333334 0.03819444444444442
0 0.15026041666666667 0.5677083333333334 0.025520833333333343 0.034027777777777754
0 0.11848958333333334 0.8229166666666666 0.019270833333333327 0.08472222222222217
0 0.13125 0.9503472222222223 0.034375 0.04236111111111116
0 0.209375 0.7145833333333333 0.025 0.026388888888888837
0 0.2221354166666667 0.7246527777777778 0.022395833333333344 0.025694444444444343
0 0.24479166666666669 0.738888888888889 0.02395833333333337 0.023611111111111163
0 0.26640625 0.7274305555555557 0.028645833333333343 0.03958333333333333
0 0.25911458333333337 0.7552083333333334 0.024479166666666687 0.02986111111111116
0 0.4140625 0.7423611111111111 0.028125 0.04583333333333333
0 0.6744791666666667 0.6336805555555556 0.03645833333333337 0.04513888888888884
0 0.6924479166666667 0.5298611111111111 0.03385416666666663 0.03611111111111109
0 0.7151041666666668 0.8347222222222224 0.028125 0.044444444444444495
0 0.5072916666666667 0.43611111111111117 0.027083333333333372 0.034722222222222245
0 0.4908854166666667 0.3927083333333333 0.0296875 0.04375
0 0.5723958333333333 0.2767361111111111 0.030208333333333257 0.05069444444444442
0 0.6486979166666668 0.36736111111111114 0.0203125 0.05694444444444442
0 0.8763020833333334 0.43333333333333335 0.025520833333333257 0.06666666666666667