0 0.3146226415094339 0.7323899371069182 0.022641509433962256 0.02578616352201258
0 0.4978773584905661 0.8320754716981131 0.02216981132075472 0.025157232704402455
0 0.6450471698113207 0.9525157232704402 0.02216981132075466 0.03333333333333333
0 0.6419811320754717 0.9883647798742138 0.011320754716981128 0.01823899371069183
0 0.7650943396226414 0.9701257861635219 0.016037735849056618 0.024528301886792482
0 0.8570754716981133 0.7537735849056603 0.02452830188679252 0.02955974842767288
0 0.8964622641509434 0.6654088050314465 0.012735849056603797 0.021383647798742154
0 0.8422169811320754 0.6550314465408805 0.019339622641509437 0.02704402515723268
0 0.7507075471698113 0.6113207547169811 0.014622641509434061 0.02515723270440253
0 0.6327830188679245 0.5588050314465408 0.01839622641509436 0.02201257861635213
0 0.4747641509433962 0.2562893081761006 0.010849056603773534 0.024528301886792482
0 0.42075471698113204 0.5242138364779875 0.02169811320754718 0.016981132075471653
0 0.2533018867924528 0.5078616352201257 0.012264150943396203 0.03962264150943399
0 0.21014150943396226 0.3745283018867925 0.01556603773584908 0.023270440251572305
0 0.17877358490566037 0.29968553459119496 0.01415094339622641 0.02704402515723272
0 0.2636792452830189 0.19056603773584907 0.01415094339622641 0.022641509433962256
0 0.3790094339622641 0.6581761006289307 0.014622641509434004 0.029559748427672956
0 0.3825471698113207 0.7081761006289308 0.015094339622641485 0.018867924528301803