0 0.22153846153846152 0.06128205128205128 0.01 0.01897435897435897
0 0.2498076923076923 0.1246153846153846 0.017307692307692323 0.01846153846153847
0 0.28365384615384615 0.27564102564102566 0.011923076923076906 0.023076923076923096
0 0.4826923076923077 0.16307692307692306 0.012307692307692264 0.017435897435897442
0 0.38384615384615384 0.31333333333333335 0.019230769230769225 0.018461538461538453
0 0.3792307692307692 0.28102564102564104 0.01 0.015384615384615358
0 0.3853846153846154 0.36282051282051286 0.012307692307692322 0.028205128205128174
0 0.35038461538461535 0.4856410256410256 0.009230769230769226 0.018461538461538415
0 0.34403846153846157 0.45948717948717954 0.013461538461538454 0.020512820512820554
0 0.49903846153846154 0.4882051282051282 0.009615384615384585 0.02256410256410254
0 0.5009615384615385 0.6507692307692308 0.011923076923076906 0.019487179487179446
0 0.5030769230769231 0.6758974358974359 0.008461538461538453 0.020512820512820554
0 0.47865384615384615 0.8366666666666667 0.010384615384615358 0.014871794871794918
0 0.44423076923076915 0.9089743589743591 0.007692307692307679 0.013846153846153812
0 0.5130769230769231 0.8894871794871794 0.00923076923076917 0.02102564102564111
0 0.5175 0.9271794871794872 0.01269230769230768 0.02256410256410254
0 0.4651923076923076 0.9564102564102563 0.005769230769230774 0.013333333333333334
0 0.4582692307692307 0.9369230769230769 0.007307692307692321 0.010256410256410315
0 0.5157692307692308 0.9520512820512821 0.009999999999999943 0.02
0 0.475 0.97 0.015384615384615415 0.02
0 0.6715384615384614 0.8748717948717949 0.010769230769230831 0.02256410256410269
0 0.6715384615384614 0.8446153846153847 0.012307692307692264 0.021538461538461586
0 0.6746153846153845 0.9035897435897435 0.0069230769230770196 0.01435897435897444
0 0.6803846153846154 0.9192307692307692 0.0076923076923076225 0.017948717948717937
0 0.8986538461538461 0.9387179487179486 0.012692307692307735 0.02102564102564111
0 0.9221153846153846 0.9620512820512821 0.012692307692307735 0.021538461538461586
0 0.9003846153846153 0.9687179487179486 0.01 0.024615384615384605
0 0.9098076923076923 0.9666666666666667 0.008076923076923094 0.01128205128205127
0 0.9123076923076923 0.9830769230769231 0.01 0.018461538461538415
0 0.8425 0.3069230769230769 0.01115384615384619 0.034358974358974365
0 0.8659615384615384 0.2492307692307692 0.014230769230769283 0.018461538461538453
0 0.7496153846153847 0.2651282051282051 0.02 0.02666666666666667
0 0.6334615384615384 0.20717948717948714 0.02 0.021538461538461548
0 0.7007692307692307 0.4751282051282051 0.014615384615384641 0.016923076923076905
0 0.7465384615384616 0.5648717948717948 0.013846153846153812 0.025128205128205083
0 0.6592307692307693 0.5612820512820512 0.014615384615384641 0.02820512820512825
0 0.6611538461538462 0.5382051282051282 0.01307692307692298 0.023076923076923096
0 0.6655769230769231 0.5258974358974359 0.008846153846153925 0.022051282051282064
0 0.6594230769230769 0.5092307692307692 0.008076923076923094 0.021538461538461586
0 0.6667307692307692 0.5017948717948717 0.009615384615384642 0.029230769230769282
0 0.8546153846153846 0.41102564102564104 0.010769230769230831 0.015897435897435874
0 0.8642307692307692 0.40769230769230763 0.007692307692307736 0.014358974358974364
0 0.8655769230769231 0.42282051282051286 0.008076923076923094 0.007692307692307698