0 0.6110795454545455 0.38484848484848483 0.0125 0.018181818181818167
0 0.5700284090909091 0.2767045454545455 0.007102272727272748 0.013257575757575751
0 0.5776988636363636 0.28920454545454544 0.008806818181818244 0.016287878787878792
0 0.5582386363636362 0.25757575757575757 0.011363636363636374 0.014393939393939414
0 0.5600235849056603 0.26501572327044026 0.004245283018868009 0.006446540880503108
0 0.4442216981132075 0.31147798742138366 0.0073113207547169734 0.015408805031446529
0 0.7654471544715448 0.617750677506775 0.009349593495934982 0.010027100271002686
0 0.7495934959349594 0.5971544715447155 0.010569105691056848 0.01490514905149045
0 0.7589430894308944 0.5467479674796748 0.009756097560975605 0.018157181571815728
0 0.6660185185185185 0.639320987654321 0.008518518518518476 0.009506172839506234
0 0.6660648148148148 0.6443827160493827 0.003611111111111086 0.006049382716049422
0 0.7051923076923077 0.5147435897435897 0.006153846153846075 0.00846153846153849
0 0.6421153846153845 0.5 0.006153846153846075 0.010256410256410239
0 0.4567164179104477 0.12587064676616913 0.009701492537313413 0.0218905472636816
0 0.7033582089552237 0.006716417910447759 0.012686567164179109 0.011442786069651741
0 0.43402317880794705 0.3794701986754967 0.005463576158940384 0.013245033112582783
0 0.4375827814569536 0.3894039735099338 0.003973509933774835 0.007505518763796923
0 0.4384105960264901 0.38554083885209717 0.005298013245033075 0.008609271523178828