0 0.5169270833333334 0.3489583333333333 0.14756944444444442 0.11226851851851852
0 0.16970486111111113 0.4837962962962963 0.1232638888888889 0.14814814814814814
0 0.2717013888888889 0.546875 0.0859375 0.1840277777777777
0 0.36501736111111116 0.6319444444444444 0.09548611111111117 0.20370370370370372
0 0.7152777777777777 0.7054398148148149 0.10503472222222214 0.14930555555555552
0 0.7534722222222223 0.9085648148148149 0.12413194444444443 0.16203703703703703
0 0.3077256944444444 0.17824074074074073 0.13541666666666669 0.10879629629629627
0 0.37847222222222227 0.10127314814814815 0.07725694444444443 0.18171296296296297
0 0.5091145833333335 0.10474537037037036 0.07465277777777779 0.18171296296296297
0 0.234375 0.04456018518518519 0.12065972222222221 0.07291666666666667
0 0.1427951388888889 0.05497685185185186 0.11979166666666664 0.1053240740740741