0 0.16276041666666663 0.3049768518518518 0.1232638888888889 0.14930555555555558
0 0.1840277777777778 0.8831018518518519 0.10677083333333331 0.17361111111111113
0 0.9188368055555556 0.3177083333333333 0.07465277777777772 0.1446759259259259
0 0.8932291666666665 0.12442129629629631 0.04600694444444443 0.2002314814814815
0 0.9357638888888888 0.45659722222222227 0.10329861111111115 0.1215277777777778
0 0.6623263888888888 0.796875 0.10677083333333336 0.1331018518518518
0 0.5729166666666667 0.7789351851851851 0.11718750000000007 0.14120370370370372
0 0.703125 0.7667824074074074 0.09982638888888885 0.16319444444444448
0 0.7960069444444444 0.8292824074074074 0.07725694444444457 0.14699074074074067
0 0.8467881944444444 0.8043981481481481 0.08159722222222228 0.1527777777777779
0 0.9201388888888888 0.8391203703703702 0.0546875 0.15046296296296297
0 0.7274305555555556 0.9143518518518519 0.1362847222222223 0.1018518518518518
0 0.3737640366430261 0.9175694444444443 0.0713127955082743 0.1615277777777778
0 0.43619791666666674 0.8784722222222223 0.05902777777777778 0.08101851851851857
0 0.08246527777777776 0.10069444444444445 0.1345486111111111 0.14351851851851852