0 0.7910714285714284 0.3589285714285715 0.04107142857142856 0.044047619047619
0 0.8200892857142856 0.05357142857142863 0.01875 0.0380952380952381
0 0.35446428571428573 0.6416666666666667 0.0375 0.04761904761904763
0 0.7513392857142857 0.8464285714285715 0.02232142857142867 0.021428571428571408
0 0.7620535714285713 0.8696428571428572 0.015178571428571444 0.03452380952380948
0 0.7955357142857142 0.856547619047619 0.023214285714285778 0.02976190476190474
0 0.7986607142857142 0.8797619047619049 0.033035714285714224 0.030952380952380888
0 0.9656249999999998 0.8666666666666667 0.02232142857142867 0.03333333333333333
0 0.9728773584905659 0.9515723270440252 0.009905660377358459 0.021383647798742154
0 0.9908018867924528 0.9641509433962264 0.013679245283018872 0.016352201257861604
0 0.9273584905660377 0.9864779874213837 0.014150943396226353 0.02452830188679233