0 0.24244791666666668 0.041666666666666664 0.0078125 0.016666666666666666
0 0.2557291666666667 0.029861111111111113 0.009375 0.008333333333333333
0 0.303125 0.14097222222222222 0.014583333333333314 0.01944444444444446
0 0.17239583333333333 0.054513888888888896 0.008333333333333314 0.022916666666666665
0 0.21536458333333333 0.08020833333333334 0.008854166666666686 0.02152777777777778
0 0.14140625 0.06875 0.009895833333333343 0.01527777777777778
0 0.13098958333333335 0.078125 0.00989583333333333 0.014583333333333334
0 0.621875 0.10972222222222223 0.008333333333333371 0.02222222222222221
0 0.5057291666666667 0.3996527777777778 0.01145833333333337 0.017361111111111084
0 0.6091145833333333 0.6361111111111112 0.015104166666666743 0.020833333333333332
0 0.7411458333333334 0.7243055555555556 0.013541666666666742 0.020833333333333332
0 0.4734375 0.10868055555555556 0.0125 0.01597222222222221