0 0.13045886075949367 0.21719409282700422 0.008702531645569635 0.016244725738396634
0 0.05031645569620253 0.038080168776371305 0.006962025316455694 0.014978902953586493
0 0.40925632911392407 0.06962025316455696 0.011234177215189902 0.013080168776371304
0 0.46068037974683546 0.21054852320675105 0.009335443037974699 0.011814345991561177
0 0.3621044303797468 0.21476793248945145 0.008386075949367069 0.013924050632911416
0 0.36574367088607596 0.21719409282700422 0.004588607594936719 0.004430379746835418
0 0.46780063291139234 0.8706751054852321 0.011867088607594951 0.011392405063291183
0 0.6936708860759493 0.9010548523206751 0.010443037974683534 0.009282700421940869
0 0.7254746835443039 0.8794303797468355 0.0075949367088607 0.014135021097046471
0 0.7823575949367089 0.8922995780590718 0.00996835443037969 0.012447257383966188
0 0.7912183544303797 0.8862869198312238 0.0071202531645569705 0.013080168776371314
0 0.8147151898734176 0.8464135021097045 0.00949367088607596 0.007594936708860738
0 0.7958069620253163 0.9654008438818565 0.010284810126582328 0.013502109704641347
0 0.6030219780219779 0.7070512820512821 0.014010989010988965 0.011172161172161093
0 0.6148351648351648 0.7106227106227107 0.007417582417582366 0.008058608058607964
0 0.6731456043956043 0.7081501831501831 0.01387362637362628 0.011172161172161243
0 0.6775412087912088 0.6847985347985347 0.0075549450549450515 0.01684981684981684
0 0.6983516483516483 0.7144688644688645 0.01043956043956041 0.009890109890109973
0 0.654532967032967 0.7282051282051283 0.010164835164835268 0.009523809523809632
0 0.6569368131868132 0.7347069597069598 0.007280219780219795 0.004578754578754494
0 0.5843406593406594 0.7472527472527473 0.006318681318681342 0.008058608058608115
0 0.541826923076923 0.7746336996336995 0.010576923076923095 0.011904761904761927
0 0.5609890109890109 0.7686813186813187 0.010164835164835153 0.010256410256410315
0 0.5506868131868132 0.660989010989011 0.007692307692307736 0.007692307692307698
0 0.5410714285714285 0.6531135531135531 0.012637362637362684 0.010989010989010922
0 0.5054025423728814 0.7977401129943503 0.008686440677966062 0.016384180790960424
0 0.5523305084745764 0.835593220338983 0.010593220338983087 0.010169491525423685
0 0.5557203389830508 0.8444915254237287 0.012711864406779683 0.011016949152542262
0 0.6008474576271188 0.21242937853107347 0.01525423728813564 0.01807909604519777
0 0.6143008474576271 0.22245762711864409 0.010381355932203405 0.01497175141242936
0 0.46069915254237287 0.14689265536723162 0.011228813559322077 0.008474576271186435
0 0.4576271186440678 0.15395480225988703 0.007203389830508513 0.006779661016949168
0 0.14065217391304347 0.1333333333333333 0.010869565217391311 0.013333333333333334