0 0.5125 0.15416666666666667 0.026041666666666685 0.025
0 0.32552083333333337 0.27048611111111115 0.014583333333333314 0.01597222222222225
0 0.3067708333333334 0.15104166666666666 0.020833333333333315 0.036805555555555564
0 0.26171875 0.2680555555555556 0.028645833333333343 0.02777777777777779
0 0.14348958333333334 0.24479166666666666 0.03177083333333333 0.024305555555555542
0 0.15390625 0.18472222222222226 0.011979166666666657 0.01944444444444446
0 0.12291666666666667 0.17291666666666666 0.014583333333333342 0.02222222222222223
0 0.11119791666666667 0.1982638888888889 0.024479166666666656 0.027083333333333334
0 0.12421875 0.084375 0.01822916666666667 0.029861111111111113
0 0.5434895833333334 0.8260416666666667 0.0109375 0.020138888888888838
0 0.57265625 0.7642361111111111 0.019270833333333372 0.024305555555555657