0 0.5956597222222222 0.05509259259259259 0.016319444444444456 0.02222222222222222
0 0.5545138888888889 0.1599537037037037 0.015972222222222172 0.01990740740740741
0 0.6144097222222222 0.1425925925925926 0.017013888888888915 0.012037037037037047
0 0.6185763888888889 0.1261574074074074 0.011458333333333258 0.0125
0 0.3836805555555555 0.2349537037037037 0.00972222222222223 0.014351851851851848
0 0.2543402777777778 0.1125 0.017708333333333343 0.02037037037037036
0 0.29270833333333335 0.24212962962962964 0.011111111111111143 0.024074074074074057
0 0.37638888888888894 0.5351851851851852 0.013888888888888914 0.022222222222222247
0 0.375 0.45486111111111116 0.0125 0.017129629629629637
0 0.5034722222222222 0.44236111111111115 0.005555555555555543 0.015277777777777753
0 0.5102430555555555 0.4446759259259259 0.007986111111111086 0.011574074074074058
0 0.5097222222222222 0.4613425925925926 0.011805555555555543 0.014351851851851885
0 0.6039930555555555 0.8358796296296296 0.009375 0.017129629629629713
0 0.6300347222222221 0.7141203703703705 0.012847222222222286 0.01712962962962956
0 0.5850694444444445 0.701388888888889 0.006944444444444457 0.020370370370370285
0 0.6118055555555555 0.6928240740740742 0.0125 0.017129629629629713
0 0.6107638888888889 0.6608796296296298 0.013194444444444344 0.016203703703703696
0 0.5973958333333332 0.6458333333333334 0.008680555555555542 0.016666666666666666