0 0.23725961538461535 0.3557692307692308 0.005288461538461519 0.01346153846153849
0 0.24134615384615385 0.3144230769230769 0.007692307692307679 0.006410256410256427
0 0.2597355769230769 0.29695512820512815 0.006971153846153811 0.016987179487179486
0 0.3802884615384615 0.32724358974358975 0.009615384615384585 0.009615384615384604
0 0.3814903846153846 0.3161858974358974 0.00625 0.00993589743589746
0 0.42175480769230766 0.3528846153846154 0.011298076923076905 0.009615384615384604
0 0.4550480769230769 0.3461538461538461 0.005769230769230717 0.015384615384615358
0 0.4498798076923077 0.30993589743589745 0.004567307692307736 0.012179487179487183
0 0.48485576923076923 0.29919871794871794 0.009134615384615359 0.006730769230769208
0 0.4930288461538461 0.3190705128205128 0.0043269230769230945 0.009935897435897421
0 0.4808894230769231 0.38814102564102565 0.005528846153846132 0.010897435897435874
0 0.48882211538461534 0.27003205128205127 0.004086538461538453 0.00865384615384615
0 0.3438701923076923 0.5636217948717949 0.006971153846153868 0.011858974358974365
0 0.37235576923076924 0.614423076923077 0.007211538461538452 0.010256410256410315
0 0.3760817307692308 0.6081730769230769 0.007451923076923095 0.010576923076923019
0 0.425 0.516025641025641 0.005769230769230774 0.005128205128205158
0 0.4258413461538461 0.47532051282051285 0.006490384615384642 0.007692307692307698
0 0.4634615384615385 0.485576923076923 0.00625 0.01410256410256405
0 0.4498798076923077 0.5661858974358974 0.009375 0.011217948717948654
0 0.44639423076923074 0.5546474358974359 0.0033653846153845848 0.006730769230769208
0 0.42632211538461534 0.5429487179487179 0.007932692307692321 0.005769230769230793
0 0.43653846153846154 0.5108974358974359 0.003846153846153868 0.008974358974358968
0 0.45252403846153844 0.6229166666666667 0.008894230769230774 0.013141025641025636
0 0.3972355769230769 0.6903846153846154 0.004567307692307736 0.014102564102564125
0 0.4050480769230769 0.6915064102564101 0.010096153846153812 0.009935897435897307
0 0.36875 0.6719551282051281 0.010576923076923095 0.0073717948717949185
0 0.3673076923076923 0.6780448717948717 0.004326923076923037 0.0060897435897435724
0 0.3713942307692307 0.6533653846153846 0.008653846153846132 0.010576923076923095
0 0.5092548076923077 0.6692307692307692 0.011298076923076963 0.005769230769230793
0 0.5152644230769231 0.61875 0.006009615384615358 0.014423076923076905
0 0.48882211538461534 0.6049679487179487 0.010336538461538453 0.010576923076923095
0 0.49242788461538456 0.5995192307692307 0.008413461538461547 0.009935897435897383
0 0.18725961538461536 0.5264423076923076 0.008653846153846161 0.004807692307692302
0 0.24975961538461539 0.4764423076923077 0.00625 0.01121794871794873
0 0.18353365384615383 0.4666666666666667 0.0045673076923076796 0.010256410256410239
0 0.19507211538461536 0.4533653846153846 0.00552884615384616 0.0125
0 0.4782692307692307 0.007307692307692308 0.006153846153846132 0.009487179487179486
0 0.4680769230769231 0.05307692307692308 0.004615384615384585 0.012307692307692302
0 0.4025961538461538 0.09679487179487178 0.006346153846153868 0.011538461538461529
0 0.45711538461538465 0.13551282051282051 0.009230769230769226 0.010512820512820516
0 0.4659615384615384 0.10153846153846155 0.007692307692307679 0.014871794871794861
0 0.4947115384615385 0.09641025641025641 0.009423076923076906 0.006666666666666667