0 0.4210051546391753 0.3731958762886598 0.008505154639175259 0.017869415807560168
0 0.5722938144329897 0.4304123711340206 0.010567010309278316 0.013402061855670127
0 0.5458762886597938 0.4788659793814433 0.007216494845360899 0.013402061855670127
0 0.31548076923076923 0.11692307692307691 0.009038461538461547 0.015897435897435894
0 0.29028846153846155 0.05358974358974359 0.005192307692307679 0.012307692307692311
0 0.2945192307692307 0.056666666666666664 0.004807692307692321 0.009230769230769226
0 0.6395192307692307 0.0432051282051282 0.011346153846153811 0.01
0 0.6678846153846154 0.03192307692307692 0.010384615384615471 0.011025641025641027
0 0.6730769230769231 0.04666666666666667 0.012307692307692264 0.010769230769230774
0 0.41673076923076924 0.1364102564102564 0.01 0.017435897435897442
0 0.714507299270073 0.639294403892944 0.00930656934306569 0.01532846715328469
0 0.7291970802919708 0.6649635036496351 0.0051094890510948975 0.011678832116788346
0 0.7195255474452553 0.5954987834549877 0.010218978102189795 0.009489051094890556
0 0.6744525547445255 0.5658150851581508 0.009854014598540175 0.011435523114355192
0 0.6186131386861313 0.5628953771289538 0.006934306569342993 0.010462287104622874
0 0.641058394160584 0.6991484184914842 0.010583941605839413 0.011922141119221427
0 0.6417883211678832 0.7053527980535279 0.004379562043795659 0.009732360097323636