0 0.31696428571428564 0.03988095238095245 0.041964285714285725 0.036904761904761905
0 0.21116071428571428 0.17500000000000004 0.028571428571428557 0.045238095238095244
0 0.296875 0.14761904761904768 0.026785714285714277 0.040476190476190485
0 0.15669642857142854 0.28750000000000003 0.021428571428571446 0.048809523809523775
0 0.08214285714285717 0.4 0.03125 0.04047619047619052
0 0.1995535714285714 0.4892857142857142 0.03392857142857139 0.02857142857142852
0 0.3134433962264151 0.33553459119496853 0.017452830188679287 0.032075471698113235
0 0.3464622641509434 0.34685534591194966 0.02783018867924528 0.03333333333333333
0 0.2504716981132075 0.821698113207547 0.02641509433962267 0.029559748427673033
0 0.2455188679245283 0.7789308176100628 0.023113207547169792 0.02327044025157238
0 0.41580188679245284 0.8578616352201258 0.030660377358490563 0.022641509433962256
0 0.6183962264150944 0.8091194968553458 0.02641509433962267 0.032075471698113235
0 0.9082547169811321 0.9735849056603773 0.024056603773584925 0.031446540880503256
0 0.9318396226415093 0.879245283018868 0.023113207547169737 0.028930817610062907
0 0.6537735849056603 0.939622641509434 0.012264150943396203 0.020125786163522057
0 0.6558962264150944 0.9641509433962264 0.026886792452830263 0.018867924528301803