0 0.46609375 0.11104166666666666 0.0153125 0.012916666666666667
0 0.52546875 0.14145833333333332 0.0103125 0.01375
0 0.55328125 0.151875 0.0190625 0.02375
0 0.58171875 0.165625 0.0178125 0.01875
0 0.41109375 0.27541666666666664 0.0096875 0.0175
0 0.421875 0.28479166666666667 0.01 0.012083333333333333
0 0.43359375 0.29083333333333333 0.0090625 0.010833333333333334
0 0.46140625 0.3 0.0090625 0.008333333333333333
0 0.455625 0.30145833333333333 0.010625 0.01125
0 0.45390625 0.31166666666666665 0.0115625 0.015
0 0.21546875 0.19520833333333334 0.0109375 0.014583333333333334
0 0.19875 0.18708333333333332 0.00875 0.01
0 0.10734375 0.156875 0.0096875 0.012083333333333333
0 0.09640625 0.15041666666666667 0.0071875 0.008333333333333333
0 0.08546875 0.11583333333333333 0.0178125 0.01
0 0.03828125 0.13 0.0096875 0.013333333333333334
0 0.06734375 0.14270833333333333 0.0096875 0.015416666666666667
0 0.0115625 0.11854166666666667 0.010625 0.01375
0 0.00640625 0.09333333333333334 0.0103125 0.015
0 0.1459375 0.304375 0.014375 0.009583333333333333
0 0.1478125 0.3129166666666667 0.0125 0.01
0 0.21796875 0.47375 0.0084375 0.01
0 0.2271875 0.4841666666666667 0.0125 0.015833333333333335
0 0.24234375 0.500625 0.0134375 0.017083333333333332
0 0.40953125 0.5397916666666667 0.0084375 0.012083333333333333
0 0.423125 0.538125 0.015625 0.012916666666666667
0 0.26859375 0.5289583333333333 0.0140625 0.01625
0 0.27875 0.5272916666666667 0.011875 0.014583333333333334
0 0.2825 0.5385416666666667 0.01125 0.012916666666666667
0 0.2953125 0.5514583333333334 0.014375 0.019583333333333335
0 0.32078125 0.571875 0.0115625 0.015416666666666667
0 0.360625 0.6025 0.0125 0.015
0 0.3709375 0.6152083333333334 0.010625 0.01625
0 0.3840625 0.624375 0.01125 0.01875
0 0.39546875 0.631875 0.0121875 0.01375
0 0.40703125 0.6397916666666666 0.0115625 0.01625
0 0.4175 0.645625 0.00875 0.01625
0 0.4271875 0.6554166666666666 0.00875 0.013333333333333334
0 0.4359375 0.6672916666666666 0.00875 0.014583333333333334
0 0.46421875 0.6927083333333334 0.0140625 0.019583333333333335
0 0.4765625 0.7075 0.014375 0.016666666666666666
0 0.5009375 0.7152083333333333 0.01 0.01125
0 0.5021875 0.7260416666666667 0.01375 0.014583333333333334
0 0.51140625 0.7314583333333333 0.0128125 0.012083333333333333
0 0.525 0.7408333333333333 0.01125 0.015833333333333335
0 0.53421875 0.746875 0.0090625 0.015416666666666667
0 0.553125 0.764375 0.008125 0.017916666666666668
0 0.47703125 0.8310416666666667 0.0140625 0.012083333333333333
0 0.4625 0.8204166666666667 0.009375 0.0125
0 0.8675 0.5370833333333334 0.01 0.016666666666666666
0 0.88 0.5289583333333333 0.011875 0.01375
0 0.96359375 0.39208333333333334 0.0134375 0.019166666666666665
0 0.94921875 0.38479166666666664 0.0115625 0.02125
0 0.79015625 0.266875 0.0153125 0.012916666666666667
0 0.8009375 0.2708333333333333 0.01 0.011666666666666667
0 0.87578125 0.33166666666666667 0.0178125 0.02
0 0.8603125 0.199375 0.01125 0.019583333333333335
0 0.87140625 0.200625 0.0096875 0.01375
0 0.8825 0.19291666666666665 0.014375 0.010833333333333334
0 0.99046875 0.178125 0.0115625 0.014583333333333334
0 0.8714805825242717 0.6448220064724919 0.00898058252427188 0.016504854368932002
0 0.8762135922330097 0.6605177993527508 0.010679611650485412 0.014886731391585802