0 0.7387152777777777 0.5682870370370371 0.05642361111111114 0.16666666666666666
0 0.5577256944444444 0.1082175925925926 0.027777777777777787 0.09606481481481481
0 0.6085069444444444 0.13368055555555558 0.08072916666666657 0.16087962962962962
0 0.62890625 0.3055555555555555 0.0555555555555555 0.19444444444444442
0 0.6940104166666665 0.2922453703703704 0.045138888888889 0.14467592592592596
0 0.7743055555555556 0.31828703703703703 0.08246527777777772 0.11111111111111109
0 0.8845486111111112 0.39178240740740744 0.0703125 0.17476851851851852
0 0.7986111111111112 0.5167824074074074 0.06336805555555557 0.1331018518518518
0 0.9435763888888888 0.13483796296296297 0.10503472222222228 0.12152777777777776
0 0.9327256944444444 0.07175925925925926 0.09027777777777772 0.07175925925925927
0 0.9679079861111112 0.6628947530864199 0.06168402777777786 0.09430802469135813