0 0.23125 0.28617424242424244 0.010227272727272748 0.011742424242424249
0 0.20980113636363637 0.32784090909090907 0.010511363636363654 0.017803030303030293
0 0.16420454545454544 0.2950757575757576 0.0073863636363636544 0.016666666666666666
0 0.15284090909090908 0.2984848484848485 0.00795454545454544 0.015151515151515128
0 0.23480113636363636 0.16041666666666668 0.009943181818181813 0.020833333333333332
0 0.29034090909090915 0.3856060606060607 0.007386363636363683 0.021212121212121248
0 0.2974431818181818 0.3840909090909091 0.008522727272727251 0.013636363636363663
0 0.4768465909090909 0.36950757575757576 0.017329545454545438 0.020833333333333332
0 0.4728693181818182 0.22386363636363638 0.013920454545454503 0.009848484848484834
0 0.39801136363636364 0.04318181818181819 0.008522727272727251 0.013636363636363636
0 0.3657670454545454 0.053598484848484854 0.005397727272727252 0.01098484848484849
0 0.2207386363636364 0.08011363636363636 0.013068181818181814 0.018560606060606062
0 0.1930397727272727 0.12121212121212122 0.009375 0.015151515151515147
0 0.15738636363636363 0.11287878787878787 0.014772727272727281 0.018939393939393936
0 0.25852272727272724 0.016477272727272726 0.01647727272727272 0.013257575757575756
0 0.22642045454545456 0.04393939393939394 0.007954545454545468 0.01818181818181818
0 0.14147727272727276 0.12291666666666666 0.009659090909090907 0.01704545454545454
0 0.45397727272727273 0.5880681818181819 0.014204545454545438 0.026136363636363662
0 0.6300675675675675 0.366066066066066 0.014189189189189164 0.024024024024024055
0 0.68018018018018 0.15255255255255254 0.01261261261261268 0.010810810810810817
0 0.6778153153153152 0.07117117117117117 0.011486486486486456 0.019219219219219222
0 0.6764639639639638 0.04729729729729729 0.0132882882882883 0.01891891891891892
0 0.6698198198198198 0.01096096096096096 0.01666666666666663 0.014714714714714711
0 0.49594594594594593 0.5028528528528529 0.0067567567567567155 0.012912912912912891
0 0.6104729729729729 0.8911411411411411 0.014639639639639653 0.02012012012012019
0 0.734572072072072 0.9621621621621621 0.015540540540540519 0.01801801801801806
0 0.9771306818181817 0.4426136363636363 0.00994318181818187 0.011742424242424249
0 0.9818181818181817 0.37594696969696967 0.01193181818181813 0.00795454545454542
0 0.91825 0.12783333333333333 0.0075 0.019666666666666666
0 0.948625 0.15183333333333332 0.01475 0.017666666666666667
0 0.121455223880597 0.31724709784411276 0.009577114427860692 0.01293532338308455
0 0.12978855721393034 0.3121890547263681 0.008084577114427845 0.01608623548922056
0 0.24844527363184077 0.27379767827529017 0.008333333333333314 0.007628524046434488
0 0.25354477611940296 0.2716417910447761 0.006094527363184085 0.007960199004975152
0 0.258457711442786 0.26981757877280266 0.008955223880597031 0.007628524046434488
0 0.56880081300813 0.22411924119241192 0.012398373983739816 0.011924119241192405