0 0.5219072164948454 0.4209621993127148 0.019072164948453634 0.02061855670103091
0 0.684020618556701 0.18608247422680416 0.016494845360824684 0.014776632302405498
0 0.45541237113402067 0.11151202749140894 0.010309278350515455 0.011340206185567013
0 0.42886597938144333 0.1190721649484536 0.014948453608247404 0.020274914089347076
0 0.6088917525773196 0.23298969072164952 0.012628865979381544 0.017182130584192427
0 0.6188144329896907 0.23298969072164952 0.007216494845360785 0.017182130584192427
0 0.6204896907216495 0.24484536082474226 0.018298969072164935 0.015463917525773202
0 0.6485824742268042 0.25841924398625427 0.00798969072164948 0.01374570446735398
0 0.6594072164948455 0.29089347079037803 0.015206185567010266 0.01958762886597939
0 0.7609375 0.34136904761904757 0.012946428571428555 0.022023809523809557
0 0.5258928571428572 0.7330357142857142 0.025 0.02678571428571437
0 0.46495535714285713 0.8491071428571428 0.02098214285714283 0.018452380952380887
0 0.46919642857142857 0.8633928571428572 0.010714285714285723 0.024404761904761926
0 0.2964285714285714 0.5869047619047618 0.021428571428571446 0.030952380952380888
0 0.20044642857142855 0.6529761904761904 0.017857142857142832 0.030952380952380964
0 0.22455357142857138 0.644047619047619 0.013392857142857139 0.019047619047619035
0 0.22098214285714282 0.7877976190476189 0.014285714285714278 0.013690476190476147
0 0.5404017857142857 0.9336309523809523 0.01919642857142867 0.02321428571428563
0 0.34776785714285713 0.8675595238095238 0.01964285714285711 0.016071428571428594
0 0.37254464285714284 0.8398809523809523 0.012053571428571445 0.016666666666666666
0 0.27700892857142856 0.8467261904761905 0.01473214285714289 0.01726190476190474
0 0.3203125 0.7142857142857142 0.017410714285714276 0.021428571428571557
0 0.2354910714285714 0.8764880952380951 0.013839285714285695 0.023214285714285778
0 0.19910714285714284 0.47559523809523807 0.0125 0.01785714285714289
0 0.1995535714285714 0.4961309523809523 0.008035714285714278 0.011309523809523776
0 0.31919642857142855 0.02559523809523809 0.019642857142857167 0.019047619047619046
0 0.18482142857142855 0.13839285714285712 0.015178571428571444 0.020833333333333332
0 0.6948660714285714 0.1351190476190476 0.017410714285714335 0.023809523809523815
0 0.8265625 0.8732142857142856 0.013839285714285665 0.028571428571428442
0 0.9524553571428571 0.6309523809523809 0.020089285714285667 0.02857142857142859
0 0.8167410714285713 0.9782738095238095 0.00848214285714289 0.020833333333333332
0 0.8640625 0.42976190476190473 0.013839285714285665 0.019047619047619035