0 0.7157692307692307 0.36358974358974355 0.014615384615384641 0.015384615384615396
0 0.7888461538461539 0.29435897435897435 0.013076923076923094 0.012307692307692302
0 0.7951923076923076 0.23717948717948717 0.010384615384615358 0.022051282051282064
0 0.6890384615384615 0.24897435897435896 0.007307692307692264 0.028205128205128174
0 0.6051923076923076 0.2651282051282051 0.018846153846153926 0.015384615384615396
0 0.5542307692307692 0.28487179487179487 0.016923076923076905 0.009743589743589723
0 0.44923076923076916 0.2530769230769231 0.016153846153846133 0.012820512820512818
0 0.4580769230769231 0.23846153846153845 0.014615384615384584 0.012307692307692302
0 0.7211538461538461 0.5243589743589743 0.014615384615384641 0.02717948717948722
0 0.6898076923076922 0.5043589743589744 0.008076923076923094 0.010769230769230793
0 0.6023076923076922 0.41410256410256413 0.010769230769230717 0.022051282051281988
0 0.6092307692307691 0.5346153846153846 0.01 0.014871794871794918
0 0.6294230769230769 0.5871794871794871 0.008846153846153811 0.01128205128205127
0 0.65 0.5994871794871796 0.013076923076923094 0.010256410256410239
0 0.7698076923076924 0.6043589743589743 0.010384615384615358 0.02
0 0.18423076923076923 0.8494871794871793 0.013076923076923094 0.0117948717948719
0 0.1732692307692308 0.8958974358974359 0.013461538461538481 0.023589743589743497
0 0.19057692307692306 0.846153846153846 0.008076923076923094 0.015384615384615396
0 0.24384615384615385 0.82 0.01 0.015384615384615396
0 0.2444230769230769 0.8084615384615385 0.013461538461538454 0.012820512820512855
0 0.2901923076923077 0.8066666666666666 0.017307692307692264 0.010256410256410163
0 0.28423076923076923 0.8189743589743589 0.011538461538461548 0.013333333333333334
0 0.2976923076923077 0.8143589743589743 0.015384615384615358 0.01435897435897444
0 0.3736538461538461 0.34871794871794876 0.016538461538461547 0.015384615384615396
0 0.1305769230769231 0.12897435897435897 0.01115384615384616 0.01897435897435897
0 0.1575 0.03230769230769231 0.010384615384615386 0.020512820512820516
0 0.4126923076923077 0.14717948717948717 0.017692307692307736 0.014358974358974345
0 0.5682904411764705 0.6463235294117646 0.01084558823529403 0.017156862745098048
0 0.55625 0.6707107843137254 0.004779411764705856 0.012990196078431382
0 0.07152777777777779 0.5537037037037037 0.022916666666666665 0.024074074074074057