0 0.7226694915254238 0.3923728813559322 0.04025423728813564 0.03559322033898305
0 0.754449152542373 0.461864406779661 0.030084745762711803 0.03672316384180787
0 0.7887711864406781 0.49322033898305095 0.026694915254237343 0.03389830508474574
0 0.6817796610169492 0.6070621468926554 0.022881355932203404 0.03898305084745759
0 0.7669491525423728 0.5700564971751413 0.013559322033898298 0.029378531073446387
0 0.7605932203389831 0.5364406779661017 0.018644067796610216 0.03559322033898305
0 0.7968220338983051 0.773728813559322 0.02923728813559319 0.03446327683615815
0 0.8061440677966102 0.8649717514124295 0.015677966101694894 0.033898305084745665
0 0.5802966101694915 0.9062146892655367 0.028389830508474573 0.04745762711864412
0 0.3877118644067797 0.8449152542372882 0.0364406779661017 0.024293785310734468
0 0.32224576271186445 0.8070621468926553 0.023305084745762712 0.04350282485875702
0 0.7934322033898307 0.9324858757062148 0.03516949152542372 0.036723163841807946
0 0.8205508474576271 0.9093220338983051 0.03177966101694915 0.04011299435028256
0 0.5093220338983051 0.9734463276836159 0.03983050847457634 0.025988700564971774
0 0.06186440677966102 0.9307909604519774 0.02542372881355932 0.031073446327683694
0 0.11864406779661017 0.9573446327683617 0.02627118644067795 0.04915254237288127
0 0.11822033898305086 0.9161016949152543 0.018644067796610174 0.011864406779660991
0 0.09004237288135593 0.974858757062147 0.03262711864406781 0.02994350282485872
0 0.32987288135593223 0.8556497175141244 0.03177966101694915 0.024293785310734468
0 0.3362288135593221 0.8790960451977401 0.014830508474576277 0.0384180790960451
0 0.35593220338983056 0.8652542372881356 0.024576271186440634 0.031073446327683694
0 0.39343220338983054 0.8875706214689265 0.016525423728813562 0.05084745762711873
0 0.4065677966101695 0.8895480225988701 0.013983050847457662 0.03446327683615815
0 0.3048728813559322 0.9816384180790961 0.03686440677966101 0.03107344632768354
0 0.4841101694915254 0.9901129943502825 0.026694915254237287 0.012994350282485963