0 0.5026041666666667 0.15104166666666666 0.021875000000000058 0.01875
0 0.44192708333333336 0.13020833333333334 0.0140625 0.03958333333333333
0 0.3924479166666667 0.18159722222222224 0.01197916666666663 0.03263888888888888
0 0.3151041666666667 0.19618055555555558 0.03125 0.02847222222222221
0 0.2338541666666667 0.052083333333333336 0.029166666666666657 0.03333333333333333
0 0.45052083333333337 0.396875 0.026041666666666685 0.028472222222222246
0 0.49270833333333336 0.6802083333333333 0.017708333333333316 0.03958333333333333
0 0.30963541666666666 0.7611111111111112 0.03177083333333337 0.030555555555555655
0 0.415625 0.48020833333333335 0.019791666666666687 0.01597222222222225
0 0.4278645833333334 0.4694444444444445 0.019270833333333313 0.01805555555555558
0 0.09791666666666667 0.4395833333333333 0.023958333333333342 0.013888888888888914
0 0.08255208333333335 0.453125 0.02447916666666667 0.01875
0 0.1 0.46284722222222224 0.019791666666666673 0.01736111111111116
0 0.03958333333333334 0.07256944444444445 0.020833333333333332 0.03819444444444444
0 0.10885416666666667 0.29826388888888894 0.017708333333333343 0.020138888888888876
0 0.3114583333333334 0.9802083333333333 0.016666666666666687 0.013194444444444495
0 0.34765625 0.9909722222222224 0.024479166666666687 0.016666666666666666