0 0.4325961538461538 0.14833333333333334 0.009423076923076963 0.011025641025641032
0 0.4101923076923077 0.21769230769230768 0.009615384615384642 0.013846153846153848
0 0.41375 0.2365384615384615 0.005192307692307679 0.015128205128205119
0 0.41278846153846155 0.251025641025641 0.009038461538461547 0.007179487179487182
0 0.4090384615384616 0.25871794871794873 0.005 0.012820512820512818
0 0.4480769230769231 0.24705128205128207 0.012307692307692322 0.015641025641025673
0 0.40288461538461534 0.5235897435897435 0.008076923076923094 0.015897435897435874
0 0.48307692307692307 0.5066666666666667 0.003846153846153868 0.014358974358974364
0 0.47596153846153844 0.5247435897435897 0.005384615384615358 0.013076923076923094
0 0.49105769230769225 0.5462820512820513 0.007884615384615415 0.013589743589743648
0 0.4763461538461538 0.576025641025641 0.011153846153846132 0.012051282051282064
0 0.44048076923076923 0.6929487179487179 0.006346153846153811 0.014102564102564125
0 0.4478846153846154 0.6929487179487178 0.005384615384615358 0.007948717948717937
0 0.40298076923076914 0.7698717948717949 0.008269230769230774 0.01564102564102556
0 0.41230769230769226 0.7971794871794872 0.005769230769230774 0.009230769230769207
0 0.4488461538461538 0.7625641025641026 0.008461538461538453 0.010769230769230793
0 0.32413461538461535 0.8973076923076924 0.009038461538461547 0.013589743589743648
0 0.2742307692307692 0.8570512820512821 0.008846153846153811 0.008461538461538414
0 0.2876923076923077 0.8706410256410257 0.008076923076923094 0.01871794871794873
0 0.23105769230769233 0.8524358974358974 0.012884615384615387 0.009487179487179523
0 0.32990384615384616 0.9084615384615384 0.008653846153846189 0.009743589743589838
0 0.3508653846153846 0.9305128205128205 0.005576923076923095 0.007179487179487296
0 0.36346153846153845 0.9278205128205127 0.006923076923076906 0.014102564102563974
0 0.2148076923076923 0.016538461538461537 0.009615384615384612 0.011025641025641025
0 0.22625 0.023333333333333334 0.007115384615384613 0.006666666666666667
0 0.3635576923076923 0.008205128205128205 0.0075 0.013846153846153845
0 0.2856730769230769 0.3219230769230769 0.0071153846153846415 0.008461538461538453