0 0.4585714285714286 0.4342857142857142 0.02 0.036190476190476224
0 0.4724999999999999 0.25999999999999995 0.03214285714285711 0.02666666666666667
0 0.3671428571428571 0.08142857142857142 0.03285714285714289 0.06952380952380952
0 0.44321428571428567 0.2819047619047619 0.030714285714285722 0.06476190476190474
0 0.06964285714285715 0.8323809523809523 0.026428571428571423 0.049523809523809484
0 0.032857142857142856 0.7923809523809523 0.01857142857142857 0.05333333333333334
0 0.2189285714285714 0.9480952380952379 0.04214285714285714 0.04857142857142859
0 0.15857142857142856 0.8457142857142856 0.02714285714285714 0.04
0 0.175 0.8614285714285712 0.024285714285714306 0.02571428571428578
0 0.03821428571428571 0.397142857142857 0.035 0.059047619047619036
0 0.08785714285714286 0.2723809523809524 0.03857142857142857 0.04952380952380952
0 0.06392857142857142 0.2357142857142857 0.030714285714285708 0.05428571428571426
0 0.09714285714285714 0.16666666666666666 0.03714285714285714 0.05714285714285715
0 0.03607142857142857 0.02666666666666666 0.020714285714285713 0.03238095238095238
0 0.026428571428571426 0.044285714285714275 0.014285714285714285 0.048571428571428564
0 0.01607142857142857 0.05761904761904761 0.010714285714285714 0.03714285714285714