0 0.5690677966101696 0.2285310734463277 0.02372881355932202 0.036723163841807946
0 0.7722457627118645 0.11242937853107345 0.019067796610169465 0.0327683615819209
0 0.5811440677966102 0.4062146892655367 0.025 0.03163841807909603
0 0.5184322033898305 0.3887005649717515 0.02245762711864404 0.03389830508474574
0 0.46610169491525427 0.43022598870056494 0.014406779661016913 0.026553672316384183
0 0.3860169491525424 0.4336158192090396 0.032203389830508515 0.020903954802259855
0 0.31610169491525425 0.17937853107344634 0.017796610169491488 0.02316384180790959
0 0.08728813559322035 0.2536723163841808 0.018644067796610174 0.04632768361581922
0 0.2985169491525424 0.26610169491525426 0.021610169491525427 0.04067796610169489
0 0.24661016949152542 0.1706214689265537 0.015254237288135613 0.020338983050847467
0 0.23728813559322035 0.1440677966101695 0.021186440677966118 0.023728813559322038
0 0.1625 0.49971751412429377 0.023305084745762712 0.01864406779661014
0 0.5197033898305086 0.6533898305084747 0.02330508474576277 0.02994350282485872
0 0.49258474576271194 0.723728813559322 0.023305084745762712 0.01581920903954794
0 0.48135593220338985 0.7310734463276837 0.022881355932203404 0.01920903954802255
0 0.1398305084745763 0.6661016949152543 0.034745762711864414 0.033898305084745665
0 0.1485169491525424 0.6483050847457626 0.013983050847457634 0.02090395480225993