0 0.37997881355932206 0.1940677966101695 0.009110169491525426 0.012994350282485887
0 0.2889830508474577 0.19759887005649715 0.009745762711864416 0.014971751412429398
0 0.5884533898305085 0.12118644067796609 0.010381355932203405 0.009604519774011293
0 0.6243644067796611 0.10776836158192092 0.011440677966101702 0.009322033898305089
0 0.6216101694915256 0.09463276836158191 0.012288135593220317 0.012429378531073457
0 0.6281779661016949 0.050988700564971755 0.011016949152542452 0.014406779661016951
0 0.3895 0.4572 0.007399999999999977 0.01626666666666665
0 0.5118 0.4928 0.012800000000000068 0.013866666666666713
0 0.5055947580645161 0.40275537634408604 0.005141129032258106 0.010618279569892516
0 0.5099798387096774 0.40302419354838714 0.005846774193548356 0.011962365591397808
0 0.5071572580645161 0.41263440860215056 0.004233870967741893 0.005913978494623658
0 0.5113407258064516 0.415255376344086 0.005947580645161338 0.010349462365591384
0 0.37323770491803276 0.49459016393442623 0.008278688524590166 0.017595628415300553
0 0.6545940170940171 0.6982905982905983 0.01132478632478626 0.01709401709401709
0 0.6706196581196582 0.71980056980057 0.007478632478632449 0.012820512820512855
0 0.5853632478632479 0.6538461538461539 0.007905982905982909 0.013105413105413088
0 0.6235042735042735 0.6333333333333333 0.009401709401709467 0.010826210826210854
0 0.6510683760683761 0.6566951566951568 0.011111111111111086 0.013675213675213703
0 0.6043352601156069 0.7886319845857418 0.0075144508670520055 0.011946050096338997
0 0.6052745664739885 0.7950867052023123 0.004768786127167687 0.006358381502890097
0 0.7586711711711712 0.014414414414414415 0.004729729729729684 0.01321321321321321