0 0.6610824742268041 0.138659793814433 0.013402061855670127 0.023024054982817857
0 0.6529639175257732 0.1689003436426117 0.012113402061855709 0.021649484536082488
0 0.7880154639175259 0.1134020618556701 0.015721649484536103 0.022680412371134027
0 0.6717783505154639 0.2847079037800687 0.016237113402061822 0.02783505154639177
0 0.8132731958762887 0.1415807560137457 0.01520618556701038 0.012371134020618551
0 0.8145618556701031 0.15103092783505156 0.012628865979381544 0.012714776632302404
0 0.8179123711340206 0.16305841924398629 0.010567010309278431 0.023711340206185563
0 0.6748711340206186 0.3927835051546391 0.011597938144329873 0.02336769759450173
0 0.5039948453608248 0.2702749140893471 0.008505154639175259 0.01683848797250861
0 0.3960051546391753 0.43470790378006874 0.009536082474226817 0.008247422680412304
0 0.3689432989690722 0.28539518900343647 0.0064432989690721455 0.008591065292096233
0 0.3787371134020619 0.28814432989690725 0.01262886597938143 0.01408934707903783
0 0.411340206185567 0.23367697594501718 0.010309278350515455 0.017182130584192466
0 0.4175257731958763 0.3001718213058419 0.00773195876288662 0.01683848797250861
0 0.4220360824742268 0.32044673539518903 0.006958762886597924 0.020962199312714765
0 0.48930412371134024 0.21597938144329895 0.01623711340206188 0.01958762886597939
0 0.4926546391752577 0.2316151202749141 0.010051546391752595 0.021305841924398616
0 0.49768041237113403 0.24845360824742269 0.007216494845360842 0.012371134020618532
0 0.4787371134020618 0.4853951890034364 0.007474226804123702 0.014776632302405536
0 0.4829896907216495 0.4987972508591065 0.007216494845360842 0.01408934707903783
0 0.48762886597938143 0.5175257731958762 0.00876288659793812 0.019931271477663208
0 0.4923969072164949 0.5360824742268041 0.009020618556701039 0.01924398625429558
0 0.5400773195876288 0.48883161512027495 0.006958762886597924 0.01477663230240546
0 0.5480670103092784 0.4905498281786942 0.009536082474226873 0.01958762886597939
0 0.4439432989690722 0.5405498281786942 0.014175257731958766 0.011683848797250826
0 0.43582474226804124 0.5465635738831616 0.01237113402061857 0.012027491408934717
0 0.5100515463917525 0.6042955326460482 0.01082474226804129 0.02027491408934702
0 0.5161082474226804 0.6304123711340206 0.011597938144329873 0.020962199312714726
0 0.5213917525773196 0.6422680412371135 0.007216494845360785 0.01512027491408935
0 0.5269329896907216 0.6599656357388317 0.010567010309278316 0.022336769759450134
0 0.5488402061855671 0.7321305841924398 0.005927835051546367 0.02233676975945021
0 0.428125 0.9735119047619046 0.017857142857142832 0.019642857142857035
0 0.888486842105263 0.27602339181286545 0.006359649122807014 0.012865497076023379
0 0.8957236842105263 0.302485380116959 0.010307017543859615 0.01842105263157892
0 0.9254385964912281 0.46432748538011687 0.008771929824561426 0.012865497076023379
0 0.9349780701754384 0.49663742690058477 0.008552631578947398 0.019005847953216366