0 0.44846153846153847 0.2803846153846154 0.005769230769230774 0.014615384615384641
0 0.4755769230769231 0.2885897435897436 0.004230769230769226 0.010512820512820516
0 0.4818269230769231 0.23948717948717949 0.002884615384615415 0.010256410256410239
0 0.43240384615384614 0.2078205128205128 0.005576923076923095 0.013076923076923094
0 0.47480769230769226 0.2078205128205128 0.004230769230769226 0.012564102564102541
0 0.4517307692307692 0.1992307692307692 0.01 0.011282051282051309
0 0.4194230769230769 0.2594871794871795 0.010384615384615358 0.009743589743589761
0 0.37269230769230766 0.23410256410256408 0.007307692307692264 0.010769230769230793
0 0.3657692307692308 0.23243589743589743 0.005 0.012564102564102541
0 0.37211538461538457 0.22628205128205128 0.006923076923076906 0.004358974358974365
0 0.47 0.3721794871794871 0.006538461538461547 0.016666666666666666
0 0.43836538461538466 0.3847435897435897 0.0032692307692307734 0.010512820512820554
0 0.4428846153846154 0.43743589743589745 0.006923076923076906 0.0030769230769230943
0 0.5414423076923076 0.48897435897435887 0.004038461538461547 0.014358974358974364
0 0.5133653846153845 0.48141025641025637 0.009807692307692264 0.009487179487179446
0 0.5164423076923076 0.47371794871794876 0.011730769230769227 0.008974358974358968
0 0.46788461538461534 0.45371794871794874 0.007307692307692321 0.01
0 0.44836538461538467 0.4026923076923076 0.0032692307692307734 0.00846153846153849
0 0.43788461538461537 0.41128205128205125 0.005384615384615358 0.005641025641025711
0 0.48144230769230767 0.5064102564102564 0.0075 0.010769230769230717
0 0.5432692307692307 0.5407692307692308 0.01 0.008717948717948653
0 0.42875 0.5623076923076922 0.005961538461538453 0.016923076923076905
0 0.4428846153846154 0.5908974358974358 0.01 0.009487179487179523
0 0.40336538461538457 0.5842307692307692 0.009038461538461547 0.008461538461538414
0 0.40480769230769226 0.5629487179487179 0.008076923076923037 0.014102564102564125
0 0.40028846153846154 0.5237179487179487 0.008653846153846132 0.008974358974358968
0 0.40086538461538457 0.5155128205128204 0.009423076923076906 0.006410256410256427
0 0.36596153846153845 0.4829487179487179 0.007307692307692264 0.012051282051282064
0 0.5662280701754385 0.8480994152046782 0.007017543859649095 0.013157894736842233
0 0.36710526315789466 0.05818713450292396 0.007456140350877206 0.012280701754385963
0 0.4132675438596491 0.04356725146198829 0.007675438596491233 0.008187134502923972
0 0.43311403508771923 0.04722222222222222 0.006578947368421041 0.014327485380116954
0 0.25798611111111114 0.4231481481481482 0.005555555555555571 0.015740740740740725
0 0.20399305555555555 0.48981481481481476 0.007291666666666657 0.005555555555555581
0 0.19166666666666668 0.4331018518518519 0.005555555555555571 0.010648148148148115
0 0.2026041666666667 0.41597222222222224 0.0059027777777778 0.0125
0 0.21666666666666667 0.7125 0.010416666666666657 0.009259259259259276
0 0.23020833333333335 0.3104166666666667 0.004166666666666686 0.0125
0 0.22895569620253164 0.2693037974683544 0.009810126582278485 0.006118143459915624
0 0.24390822784810126 0.24810126582278477 0.006803797468354418 0.02067510548523209