0 0.44553571428571426 0.3869047619047619 0.026785714285714333 0.04761904761904763
0 0.6516949152542373 0.284180790960452 0.021186440677966063 0.02372881355932206
0 0.6527542372881355 0.2627118644067797 0.019067796610169465 0.027118644067796596
0 0.7004237288135594 0.16158192090395482 0.026271186440677864 0.024858757062146897
0 0.6622881355932204 0.14717514124293785 0.01525423728813564 0.037853107344632764
0 0.7743644067796611 0.17683615819209042 0.013135593220338932 0.01694915254237287
0 0.7425847457627119 0.1423728813559322 0.01652542372881362 0.014689265536723175
0 0.7302966101694917 0.15677966101694915 0.015677966101694894 0.01186440677966101
0 0.7743644067796611 0.14180790960451978 0.019915254237288082 0.018079096045197748
0 0.8218220338983051 0.38022598870056495 0.010593220338983087 0.04632768361581922
0 0.3048728813559322 0.21101694915254238 0.01737288135593218 0.022033898305084752
0 0.34131355932203394 0.13559322033898305 0.03177966101694915 0.023728813559322038
0 0.3508474576271186 0.10282485875706217 0.022033898305084735 0.023728813559322038
0 0.35614406779661023 0.06779661016949153 0.009745762711864416 0.01694915254237288
0 0.36864406779661024 0.06638418079096046 0.0161016949152542 0.020903954802259886
0 0.3758474576271187 0.058192090395480234 0.014406779661016913 0.01807909604519774
0 0.1906779661016949 0.11610169491525424 0.016101694915254258 0.022033898305084752
0 0.276271186440678 0.029661016949152543 0.011864406779661068 0.01638418079096045
0 0.2777542372881356 0.045480225988700565 0.01822033898305085 0.03220338983050847
0 0.2944915254237288 0.07005649717514124 0.018644067796610216 0.025988700564971746
0 0.46440677966101696 0.7401129943502825 0.01694915254237287 0.03502824858757064
0 0.8658898305084747 0.36807909604519773 0.015677966101695005 0.024293785310734468
0 0.8855932203389831 0.40903954802259884 0.027118644067796596 0.032768361581920924
0 0.5218220338983051 0.14887005649717514 0.014830508474576277 0.01864406779661016
0 0.529449152542373 0.14378531073446327 0.023305084745762657 0.026553672316384183
0 0.5398305084745763 0.13305084745762713 0.013559322033898298 0.018644067796610177
0 0.9917372881355933 0.5112994350282487 0.015677966101694894 0.027118644067796672
0 0.9934322033898306 0.5516949152542373 0.012288135593220317 0.04124293785310738