0 0.35656779661016946 0.4364406779661017 0.009745762711864416 0.019774011299435037
0 0.4826271186440678 0.3587570621468927 0.010169491525423723 0.021468926553672343
0 0.5008474576271187 0.2889830508474577 0.012711864406779683 0.022033898305084714
0 0.5088983050847458 0.26666666666666666 0.012711864406779683 0.020338983050847484
0 0.5209745762711865 0.24067796610169492 0.008898305084745744 0.020338983050847446
0 0.48008474576271193 0.3915254237288136 0.0050847457627118614 0.02372881355932206
0 0.4699152542372882 0.39943502824858756 0.00762711864406782 0.01807909604519773
0 0.46843220338983055 0.4257062146892655 0.010593220338983087 0.022033898305084752
0 0.4391949152542373 0.47429378531073446 0.009745762711864416 0.023163841807909574
0 0.43792372881355934 0.5344632768361581 0.010593220338983031 0.02485875706214688
0 0.49322033898305084 0.330225988700565 0.008474576271186435 0.01751412429378532
0 0.3963983050847457 0.6491525423728814 0.01313559322033899 0.018079096045197807
0 0.3845338983050848 0.6601694915254238 0.011440677966101702 0.02542372881355929
0 0.3531779661016949 0.6494350282485876 0.01737288135593218 0.016384180790960424
0 0.3322429906542056 0.6219626168224298 0.010747663551401842 0.01339563862928344
0 0.3281542056074766 0.7208722741433021 0.010981308411214969 0.011214953271028056
0 0.3369158878504672 0.7082554517133955 0.00747663551401871 0.014018691588785107
0 0.2502336448598131 0.660436137071651 0.006542056074766379 0.012461059190031088
0 0.24053738317757006 0.6559190031152647 0.010046728971962609 0.011526479750778813
0 0.2772196261682243 0.6580996884735202 0.010514018691588774 0.017133956386292767
0 0.2718457943925233 0.6799065420560747 0.008177570093457973 0.01339563862928344
0 0.2551401869158878 0.6866043613707165 0.007943925233644848 0.0174454828660436
0 0.23890186915887848 0.6858255451713394 0.009112149532710277 0.020249221183800577
0 0.39801401869158876 0.6241433021806854 0.003971962616822452 0.016510903426791325
0 0.2996495327102804 0.9792834890965733 0.011915887850467299 0.02211838006230528
0 0.044626168224299066 0.449221183800623 0.007009345794392523 0.014953271028037382
0 0.05186915887850467 0.43504672897196256 0.00654205607476635 0.01214953271028033
0 0.04182242990654206 0.42788161993769475 0.010747663551401871 0.014641744548286548
0 0.036799065420560745 0.444392523364486 0.00490654205607477 0.015264797507788141
0 0.017757009345794394 0.605607476635514 0.010280373831775701 0.0155763239875389
0 0.054556074766355135 0.6570093457943925 0.006308411214953267 0.01433021806853579
0 0.047079439252336444 0.6557632398753893 0.007710280373831772 0.01806853582554519
0 0.1571261682242991 0.7595015576323988 0.008177570093457945 0.016199376947040493
0 0.13002336448598129 0.7327102803738317 0.009112149532710277 0.014953271028037458
0 0.16214953271028038 0.7348909657320872 0.014018691588785033 0.019314641744548378
0 0.12651869158878504 0.7894080996884735 0.00864485981308411 0.019314641744548378
0 0.08936915887850466 0.8015576323987539 0.007242990654205599 0.016822429906542008
0 0.11507009345794393 0.8065420560747665 0.00911214953271029 0.016199376947040493
0 0.0102803738317757 0.883644859813084 0.008878504672897197 0.015264797507788141
0 0.5202083333333334 0.12916666666666668 0.01375 0.021666666666666667
0 0.4102083333333334 0.07083333333333333 0.00875 0.01722222222222222
0 0.406875 0.05527777777777778 0.017083333333333315 0.018333333333333333
0 0.22283653846153845 0.021794871794871797 0.01875 0.017948717948717947
0 0.21947115384615384 0.11955128205128204 0.01105769230769232 0.02371794871794873
0 0.21634615384615383 0.16570512820512823 0.011538461538461548 0.02756410256410256
0 0.15336538461538463 0.21987179487179484 0.024038461538461547 0.026923076923076942
0 0.2221153846153846 0.04230769230769231 0.025961538461538453 0.021794871794871797