0 0.6526785714285713 0.39047619047619053 0.04464285714285723 0.04047619047619044
0 0.6022321428571428 0.6083333333333333 0.03125 0.04285714285714289
0 0.6526785714285713 0.5011904761904762 0.03749999999999989 0.04285714285714289
0 0.6919642857142857 0.5321428571428571 0.0375 0.035714285714285705
0 0.6866071428571427 0.6071428571428571 0.01964285714285711 0.04523809523809526
0 0.7026785714285714 0.6404761904761904 0.025 0.030952380952380888
0 0.684375 0.8047619047619048 0.03125 0.05
0 0.5209821428571428 0.9101190476190477 0.06517857142857145 0.058333333333333334
0 0.2669642857142857 0.824404761904762 0.03214285714285711 0.036904761904761774
0 0.07767857142857143 0.9077380952380952 0.025 0.041666666666666664
0 0.06294642857142857 0.9369047619047619 0.027678571428571445 0.04047619047619052
0 0.03839285714285714 0.9404761904761905 0.021428571428571415 0.03571428571428563
0 0.07395391705069125 0.9813809523809522 0.0336221198156682 0.036571428571428595
0 0.23973214285714287 0.979761904761905 0.041964285714285725 0.03571428571428578
0 0.26607142857142857 0.8595238095238095 0.028571428571428557 0.0261904761904763
0 0.3142857142857143 0.8416666666666667 0.0375 0.042857142857142816
0 0.271875 0.8815476190476191 0.011607142857142889 0.03452380952380948
0 0.2897321428571429 0.8678571428571428 0.024107142857142834 0.030952380952380888
0 0.3258928571428571 0.8898809523809524 0.019642857142857167 0.04880952380952385
0 0.34598214285714285 0.9113095238095239 0.013392857142857111 0.05119047619047615
0 0.9566964285714286 0.8839285714285715 0.02410714285714289 0.07976190476190474
0 0.7428571428571428 0.8791666666666667 0.01964285714285711 0.04642857142857141
0 0.7482142857142857 0.9226190476190477 0.028571428571428668 0.04285714285714297
0 0.7816964285714284 0.9023809523809524 0.029464285714285665 0.042857142857142816
0 0.8151785714285713 0.9196428571428572 0.025 0.02976190476190474
0 0.8334821428571427 0.9053571428571429 0.02053571428571422 0.03928571428571422
0 0.8267857142857142 0.9351190476190477 0.03392857142857133 0.032142857142857036
0 0.4450892857142857 0.9827380952380953 0.04910714285714289 0.03214285714285719
0 0.9825892857142857 0.05357142857142863 0.02589285714285711 0.04285714285714285