0 0.1813679245283019 0.42704402515723267 0.03254716981132074 0.025157232704402455
0 0.6320754716981132 0.19874213836477986 0.02641509433962267 0.032704402515723284
0 0.6643867924528302 0.1820754716981132 0.02028301886792451 0.02452830188679246
0 0.4268867924528302 0.8320754716981131 0.02452830188679246 0.05031446540880506
0 0.4436320754716981 0.9308176100628931 0.015566037735849022 0.025157232704402455
0 0.6806603773584906 0.9056603773584905 0.025471698113207594 0.031446540880503256
0 0.6016509433962265 0.7518867924528301 0.025943396226415075 0.02327044025157238
0 0.6014150943396226 0.7160377358490565 0.01509433962264154 0.019496855345911928
0 0.5561320754716981 0.6839622641509434 0.010377358490566053 0.038364779874213883
0 0.5424528301886792 0.6584905660377358 0.011320754716981128 0.035220125786163486
0 0.8476415094339622 0.7606918238993711 0.03018867924528297 0.030817610062893134
0 0.7474056603773584 0.9125786163522013 0.012735849056603684 0.03270440251572336
0 0.8033018867924528 0.8783018867924528 0.011320754716981128 0.02201257861635228
0 0.8478773584905659 0.9050314465408804 0.023113207547169737 0.023899371069182357
0 0.9445754716981131 0.4977987421383647 0.01839622641509436 0.022012578616352207
0 0.9490566037735848 0.4116352201257861 0.02075471698113199 0.015723270440251555