0 0.721875 0.29285714285714287 0.022321428571428555 0.035714285714285705
0 0.7445754716981132 0.08176100628930817 0.03537735849056605 0.026415094339622632
0 0.7783018867924528 0.1110062893081761 0.016037735849056618 0.029559748427672956
0 0.8613207547169811 0.11320754716981131 0.02358490566037733 0.02012578616352202
0 0.7875 0.15031446540880503 0.014622641509433947 0.031446540880503145
0 0.878066037735849 0.1320754716981132 0.02311320754716985 0.02012578616352202
0 0.6257075471698113 0.5940251572327044 0.02688679245283015 0.03459119496855351
0 0.5558962264150944 0.6764150943396227 0.03160377358490575 0.019496855345911928
0 0.5297169811320754 0.6943396226415095 0.02641509433962267 0.02641509433962271
0 0.3591981132075472 0.6814465408805032 0.03443396226415092 0.023270440251572305
0 0.35023584905660377 0.7 0.030660377358490563 0.02641509433962271
0 0.4308962264150943 0.5688679245283018 0.01839622641509436 0.05094339622641511
0 0.41391509433962265 0.539622641509434 0.02783018867924528 0.02389937106918243
0 0.35636792452830185 0.4927672955974842 0.031603773584905695 0.040880503144654086
0 0.3422169811320755 0.5336477987421383 0.02405660377358487 0.03962264150943399
0 0.36886792452830186 0.5694968553459119 0.02075471698113205 0.03710691823899371
0 0.3915094339622641 0.5547169811320755 0.02641509433962261 0.02389937106918243
0 0.4459905660377358 0.5761006289308176 0.016509433962264154 0.026415094339622632
0 0.7860849056603774 0.70188679245283 0.01839622641509436 0.04276729559748423
0 0.8554245283018868 0.5720125786163521 0.010849056603773534 0.04591194968553456
0 0.8096698113207547 0.7075471698113206 0.02216981132075466 0.04150943396226421
0 0.8311320754716981 0.699685534591195 0.02358490566037733 0.03333333333333333
0 0.5535377358490566 0.8751572327044025 0.022169811320754775 0.044654088050314386
0 0.5370283018867924 0.8732704402515722 0.028773584905660413 0.03584905660377369
0 0.7837264150943396 0.8757861635220126 0.03537735849056594 0.024528301886792482
0 0.7558962264150944 0.8773584905660375 0.0165094339622641 0.020125786163522057
0 0.23844339622641508 0.8830188679245282 0.03349056603773585 0.020125786163521904
0 0.2349056603773585 0.8965408805031446 0.03301886792452831 0.02075471698113203
0 0.15660377358490563 0.8877358490566036 0.030188679245283 0.019496855345911928
0 0.13867924528301886 0.6836477987421382 0.02358490566037736 0.03773584905660376
0 0.13632075471698113 0.6418238993710691 0.022641509433962256 0.02578616352201258
0 0.06438679245283017 0.6666666666666666 0.02405660377358491 0.03396226415094346
0 0.06179245283018868 0.6355345911949685 0.020754716981132078 0.030817610062893058
0 0.09316037735849056 0.7745283018867924 0.018396226415094332 0.04465408805031454
0 0.09528301886792452 0.8789308176100629 0.030188679245283026 0.03962264150943399
0 0.058254716981132076 0.9062893081761006 0.019339622641509437 0.027672955974842657
0 0.06556603773584906 0.9248427672955974 0.015094339622641506 0.015723270440251628