0 0.483974358974359 0.07991452991452991 0.024358974358974366 0.03333333333333333
0 0.5205128205128204 0.03803418803418803 0.019230769230769225 0.024786324786324785
0 0.428525641025641 0.04957264957264957 0.01987179487179486 0.030769230769230767
0 0.47628205128205126 0.04316239316239316 0.028205128205128174 0.024786324786324785
0 0.23878205128205127 0.07991452991452991 0.01858974358974359 0.024786324786324778
0 0.23525641025641025 0.03717948717948718 0.021794871794871766 0.019658119658119658
0 0.1891025641025641 0.034188034188034185 0.024358974358974366 0.030769230769230764
0 0.0782051282051282 0.031196581196581197 0.024358974358974366 0.016239316239316237
0 0.07916666666666666 0.2017094017094017 0.017307692307692305 0.03247863247863249
0 0.20897435897435895 0.15085470085470085 0.03461538461538461 0.019658119658119668
0 0.1503205128205128 0.21324786324786324 0.017307692307692323 0.03333333333333333
0 0.11025641025641025 0.3491452991452991 0.019230769230769225 0.035042735042735064
0 0.09423076923076923 0.47222222222222215 0.012820512820512818 0.0213675213675214
0 0.1141025641025641 0.44316239316239314 0.015384615384615387 0.017948717948717937
0 0.14294871794871797 0.4658119658119658 0.015384615384615387 0.01709401709401709
0 0.13205128205128205 0.5247863247863248 0.025641025641025637 0.030769230769230792
0 0.5176282051282051 0.47051282051282045 0.027564102564102543 0.03504273504273503
0 0.39615384615384613 0.2863247863247863 0.014102564102564087 0.030769230769230754
0 0.4544871794871794 0.21111111111111108 0.025641025641025637 0.03589743589743591
0 0.24967948717948718 0.5615384615384615 0.02756410256410257 0.027350427350427406
0 0.29743589743589743 0.4397435897435897 0.023076923076923037 0.02991452991452987
0 0.31858974358974357 0.5717948717948718 0.012820512820512818 0.02735042735042733
0 0.7730769230769231 0.18846153846153849 0.02051282051282044 0.02136752136752136
0 0.7810897435897437 0.14487179487179486 0.016025641025640993 0.02478632478632479
0 0.5871794871794872 0.3145299145299145 0.017948717948718013 0.020512820512820516
0 0.9089743589743589 0.39700854700854704 0.02051282051282044 0.028205128205128174
0 0.9948717948717949 0.31111111111111106 0.007692307692307736 0.02905982905982906
0 0.016666666666666663 0.4021367521367521 0.008974358974358974 0.026495726495726558
0 0.008974358974358974 0.40726495726495726 0.00641025641025641 0.016239316239316244