0 0.6817708333333333 0.044675925925925924 0.015625 0.01712962962962963
0 0.6559027777777778 0.12361111111111113 0.0125 0.013888888888888895
0 0.657986111111111 0.1400462962962963 0.0138888888888888 0.015277777777777791
0 0.5241319444444444 0.26342592592592595 0.019791666666666742 0.021296296296296306
0 0.6083333333333334 0.08888888888888889 0.011111111111111086 0.024074074074074067
0 0.6180555555555557 0.08310185185185186 0.010416666666666628 0.013425925925925924
0 0.6196180555555556 0.09583333333333334 0.019791666666666628 0.011111111111111105
0 0.5277777777777778 0.5733796296296296 0.017361111111111084 0.013425925925925944
0 0.4678819444444445 0.6979166666666666 0.019097222222222227 0.010648148148148115
0 0.47152777777777777 0.7111111111111111 0.0125 0.02129629629629623
0 0.36961805555555555 0.6863425925925926 0.011458333333333315 0.015277777777777753
0 0.34809027777777785 0.7104166666666667 0.01840277777777777 0.010648148148148115
0 0.54375 0.7891203703703704 0.020138888888888914 0.021759259259259277
0 0.509375 0.8993055555555557 0.01875 0.024537037037036954
0 0.43802083333333336 0.9717592592592593 0.017013888888888856 0.01388888888888899
0 0.21684027777777778 0.844212962962963 0.016319444444444428 0.022685185185185218
0 0.2328125 0.7317129629629628 0.017013888888888887 0.015277777777777828
0 0.15763888888888888 0.7719907407407409 0.00972222222222223 0.024537037037036954
0 0.2204861111111111 0.6351851851851852 0.015277777777777772 0.018518518518518552
0 0.16649305555555557 0.8879629629629628 0.012847222222222229 0.025925925925925943
0 0.27413194444444444 0.6932870370370371 0.015625 0.007870370370370437
0 0.8643518518518517 0.28189300411522633 0.012654320987654387 0.018930041152263356
0 0.7723765432098765 0.2088477366255144 0.0138888888888888 0.016872427983539107
0 0.9473765432098764 0.49629629629629624 0.013271604938271593 0.011522633744855966
0 0.9538580246913579 0.48395061728395056 0.012654320987654273 0.01563786008230454
0 0.30081775700934577 0.42663551401869154 0.01004672897196258 0.023987538940809978
0 0.20408878504672895 0.320404984423676 0.009112149532710277 0.009034267912772596
0 0.20642523364485982 0.3409657320872274 0.011915887850467271 0.014018691588784995
0 0.1425233644859813 0.408411214953271 0.013551401869158866 0.024299065420560814
0 0.20595794392523362 0.4984423676012461 0.013785046728971963 0.016822429906542084
0 0.22523364485981306 0.4876947040498443 0.00887850467289718 0.014641744548286548
0 0.8375 0.7252136752136752 0.014743589743589722 0.0282051282051281
0 0.8272435897435897 0.8346153846153846 0.017307692307692378 0.031623931623931636