0 0.3201704545454545 0.12765151515151515 0.009659090909090935 0.012878787878787875
0 0.33494318181818183 0.1426136363636364 0.008522727272727251 0.01477272727272727
0 0.3911931818181818 0.07045454545454546 0.010227272727272748 0.015909090909090907
0 0.3938920454545455 0.11742424242424242 0.01107954545454544 0.02803030303030302
0 0.5931818181818183 0.054924242424242424 0.010227272727272634 0.014393939393939396
0 0.5927556818181817 0.043181818181818175 0.011079545454545382 0.014393939393939391
0 0.6136363636363636 0.07367424242424243 0.010795454545454504 0.023106060606060606
0 0.5038352272727272 0.22329545454545455 0.01164772727272731 0.014015151515151501
0 0.5029829545454545 0.24431818181818182 0.007670454545454561 0.012878787878787875
0 0.5078125 0.2662878787878788 0.010511363636363683 0.01742424242424242
0 0.6366477272727272 0.14810606060606063 0.008522727272727251 0.018939393939393936
0 0.6431818181818183 0.1534090909090909 0.00681818181818187 0.016666666666666666
0 0.6517045454545455 0.15416666666666667 0.007386363636363626 0.011363636363636374
0 0.4348011363636364 0.5034090909090909 0.012784090909090879 0.020454545454545496
0 0.5007102272727273 0.5143939393939393 0.008806818181818186 0.01742424242424242
0 0.5009943181818182 0.5380681818181818 0.007102272727272748 0.023863636363636337
0 0.4100852272727272 0.553409090909091 0.005965909090909065 0.011363636363636336
0 0.4193181818181818 0.5606060606060607 0.010795454545454504 0.015909090909090914
0 0.5116477272727272 0.5852272727272727 0.00795454545454544 0.021969696969696997
0 0.4268465909090909 0.5867424242424243 0.006534090909090935 0.011363636363636336
0 0.43224431818181813 0.6054924242424242 0.008806818181818186 0.01780303030303033
0 0.4390625 0.6261363636363637 0.014488636363636374 0.02196969696969692
0 0.5669034090909091 0.7772727272727273 0.004829545454545496 0.012121212121212163
0 0.5735795454545455 0.78125 0.007386363636363626 0.015530303030303002
0 0.4961647727272728 0.7994318181818183 0.004829545454545439 0.014015151515151501
0 0.5002840909090909 0.8181818181818181 0.008522727272727309 0.017424242424242342
0 0.5039772727272728 0.834280303030303 0.01022727272727269 0.017045454545454503
0 0.5065340909090909 0.850378787878788 0.00795454545454544 0.012878787878787837
0 0.5048295454545455 0.8558712121212122 0.006818181818181813 0.0125
0 0.5147727272727273 0.8649621212121213 0.015909090909090935 0.024621212121212162
0 0.530965909090909 0.912310606060606 0.009659090909090878 0.01931818181818183
0 0.5370738636363638 0.9335227272727273 0.008238636363636373 0.017045454545454503
0 0.5411931818181818 0.9490530303030303 0.005113636363636374 0.008712121212121171
0 0.5431818181818182 0.965530303030303 0.00568181818181813 0.01590909090909099
0 0.9387784090909091 0.818939393939394 0.007102272727272748 0.017424242424242495
0 0.9348011363636364 0.793939393939394 0.008806818181818244 0.017424242424242495
0 0.9017045454545455 0.621780303030303 0.010795454545454618 0.01931818181818183
0 0.8988636363636363 0.6037878787878789 0.007386363636363626 0.012121212121212087
0 0.8933238636363637 0.5433712121212122 0.010511363636363626 0.020075757575757584
0 0.8568181818181819 0.46193181818181817 0.0125 0.020833333333333332
0 0.8757102272727273 0.5166666666666667 0.008238636363636373 0.019696969696969668
0 0.8840909090909091 0.5246212121212122 0.010227272727272748 0.023484848484848424
0 0.6585227272727272 0.4547348484848485 0.0056818181818182436 0.023863636363636337
0 0.6640625 0.49299242424242423 0.009375 0.015530303030303002
0 0.6676136363636364 0.5429924242424242 0.0056818181818182436 0.01628787878787883
0 0.675 0.5513257575757576 0.009090909090909009 0.020833333333333332
0 0.7448611111111111 0.024444444444444442 0.010277777777777828 0.017777777777777778
0 0.8351388888888889 0.065 0.006388888888888801 0.021851851851851848
0 0.8361111111111111 0.12944444444444445 0.009444444444444344 0.014444444444444439
0 0.8358333333333332 0.13907407407407404 0.005 0.009259259259259257
0 0.8445833333333332 0.14055555555555554 0.010277777777777714 0.016666666666666666
0 0.7031944444444443 0.19462962962962962 0.006944444444444457 0.013703703703703695
0 0.7077777777777777 0.21037037037037037 0.01 0.02
0 0.9808641975308642 0.22160493827160493 0.012345679012345612 0.019341563786008237
0 0.9874999999999999 0.241358024691358 0.009567901234567898 0.02510288065843618
0 0.420625 0.7004166666666667 0.01 0.015833333333333335
0 0.68265625 0.6652083333333333 0.0121875 0.019583333333333335
0 0.69453125 0.6847916666666667 0.0121875 0.030416666666666668