0 0.575 0.4577380952380953 0.03392857142857145 0.04404761904761904
0 0.6321428571428571 0.4089285714285714 0.04285714285714289 0.036904761904761926
0 0.70625 0.5880952380952381 0.042857142857142774 0.026190476190476146
0 0.7116071428571429 0.6184523809523809 0.04821428571428567 0.034523809523809554
0 0.6040178571428572 0.1452380952380953 0.047321428571428556 0.06904761904761904
0 0.5808035714285713 0.054166666666666724 0.03482142857142855 0.03452380952380951
0 0.9540178571428571 0.07083333333333339 0.02232142857142844 0.03214285714285714
0 0.9410714285714284 0.8375 0.03571428571428578 0.036904761904761926
0 0.9468749999999999 0.9678571428571429 0.04732142857142867 0.047619047619047554
0 0.8674107142857143 0.9625 0.04553571428571422 0.04642857142857141
0 0.35044642857142855 0.7845238095238095 0.03839285714285711 0.03809523809523807
0 0.3241071428571428 0.9101190476190477 0.035714285714285664 0.0511904761904763
0 0.08035714285714286 0.8113095238095238 0.028571428571428612 0.04404761904761896