0 0.13142361111111112 0.09606481481481483 0.009375 0.013425925925925944
0 0.14045138888888892 0.08680555555555557 0.005208333333333343 0.017129629629629637
0 0.16388888888888892 0.07777777777777778 0.005555555555555571 0.01759259259259259
0 0.1729166666666667 0.07268518518518519 0.004861111111111115 0.020370370370370372
0 0.2154513888888889 0.09837962962962964 0.007986111111111114 0.01805555555555556
0 0.24253472222222222 0.06458333333333334 0.003819444444444457 0.014351851851851857
0 0.2564236111111111 0.048148148148148155 0.007291666666666657 0.009259259259259257
0 0.29375 0.15069444444444446 0.013194444444444457 0.01990740740740741
0 0.3095486111111111 0.1652777777777778 0.007986111111111143 0.013888888888888914
0 0.26579861111111114 0.04699074074074074 0.008680555555555542 0.006944444444444438
0 0.6102430555555557 0.6587962962962963 0.013541666666666629 0.016666666666666666
0 0.6243055555555557 0.1310185185185185 0.009722222222222285 0.024074074074074078
0 0.4939236111111111 0.26064814814814813 0.006597222222222228 0.012037037037037028
0 0.7416666666666667 0.7456018518518519 0.015972222222222287 0.013425925925925791
0 0.47256944444444443 0.13240740740740742 0.020138888888888914 0.018518518518518514
0 0.4930555555555555 0.4 0.0194444444444444 0.025925925925925943