0 0.6579439252336449 0.10233644859813083 0.008411214953271042 0.014641744548286605
0 0.6393691588785045 0.2291277258566978 0.010514018691588831 0.012772585669781922
0 0.6817757009345794 0.4046728971962616 0.007009345794392516 0.013084112149532682
0 0.7592289719626167 0.19423676012461055 0.011448598130841106 0.015887850467289695
0 0.7519859813084112 0.2087227414330218 0.009112149532710192 0.009345794392523355
0 0.6799065420560747 0.2884735202492212 0.008411214953270928 0.011214953271028017
0 0.7558411214953271 0.23582554517133955 0.011682242990654117 0.012461059190031164
0 0.7557193396226414 0.2445754716981132 0.006957547169811391 0.008333333333333333
0 0.5989976415094338 0.16517295597484277 0.007193396226415075 0.007075471698113215
0 0.5959316037735848 0.172877358490566 0.004363207547169737 0.005503144654088052
0 0.6007665094339623 0.1705188679245283 0.005306603773584925 0.006761006289308189
0 0.6095025510204082 0.531547619047619 0.009566326530612287 0.009013605442176867
0 0.6040816326530613 0.5380102040816327 0.005102040816326508 0.011054421768707471
0 0.7130281690140846 0.45481220657276994 0.009154929577464714 0.017605633802816857
0 0.26458333333333334 0.6829629629629629 0.011388888888888914 0.017037037037037028
0 0.12479395604395604 0.31254578754578755 0.008653846153846161 0.00970695970695969
0 0.15013736263736263 0.6027472527472528 0.006043956043956029 0.008058608058608039
0 0.16538461538461535 0.6032967032967033 0.007142857142857139 0.006593406593406599
0 0.17424450549450549 0.5967948717948718 0.008653846153846132 0.010805860805860826
0 0.09684065934065933 0.595054945054945 0.008516483516483517 0.009890109890109898
0 0.10061813186813187 0.5918498168498167 0.0050824175824175765 0.006776556776556769
0 0.7217289719626168 0.7143302180685358 0.00887850467289718 0.015576323987538975
0 0.6867307692307693 0.7394871794871793 0.00923076923076917 0.01435897435897444
0 0.6857692307692307 0.7552564102564102 0.007692307692307736 0.012564102564102692
0 0.02857142857142857 0.8126623376623376 0.008116883116883116 0.009307359307359245
0 0.020129870129870126 0.8025974025974025 0.011038961038961037 0.00692640692640695
0 0.014529220779220779 0.7955627705627706 0.006980519480519481 0.007142857142857034
0 0.10397727272727272 0.8577922077922079 0.008279220779220779 0.008658008658008687
0 0.9946969696969697 0.25117845117845117 0.006565656565656582 0.012121212121212125
0 0.9907828282828283 0.26919191919191915 0.00934343434343441 0.013804713804713818
0 0.9856060606060606 0.2924242424242424 0.01010101010101016 0.015151515151515166