0 0.4526785714285714 0.8511904761904762 0.021428571428571446 0.04523809523809526
0 0.4696428571428571 0.9053571428571429 0.026785714285714222 0.041666666666666664
0 0.5058035714285714 0.40297619047619054 0.020535714285714334 0.04404761904761904
0 0.5321428571428571 0.43214285714285716 0.026785714285714222 0.026190476190476222
0 0.5361607142857142 0.3928571428571428 0.027678571428571445 0.02857142857142852
0 0.5401785714285713 0.3601190476190476 0.028571428571428557 0.02976190476190474
0 0.7580357142857143 0.0845238095238096 0.01964285714285711 0.03571428571428571
0 0.7424107142857143 0.6726190476190477 0.02410714285714289 0.04523809523809526
0 0.7151785714285713 0.7023809523809524 0.014285714285714334 0.04761904761904778
0 0.7642857142857142 0.6934523809523809 0.026785714285714222 0.036904761904762
0 0.8232142857142857 0.6886904761904762 0.01964285714285711 0.034523809523809706