0 0.4387152777777778 0.04328703703703704 0.010763888888888858 0.01990740740740741
0 0.43975694444444446 0.029629629629629627 0.008680555555555542 0.014814814814814814
0 0.5574652777777779 0.8773148148148148 0.012152777777777828 0.019444444444444493
0 0.5744791666666668 0.8395833333333333 0.007986111111111199 0.018981481481481446
0 0.578125 0.8229166666666666 0.0041666666666666284 0.018055555555555505
0 0.5854166666666667 0.8233796296296295 0.0076388888888888 0.018055555555555505
0 0.5878472222222222 0.8006944444444444 0.008333333333333371 0.01990740740740739
0 0.595486111111111 0.7731481481481481 0.008333333333333371 0.02129629629629638
0 0.6125 0.73125 0.004861111111111086 0.020833333333333332
0 0.6097222222222222 0.7145833333333333 0.006944444444444457 0.018055555555555505
0 0.6151041666666668 0.6990740740740742 0.005902777777777714 0.015740740740740725
0 0.6194444444444445 0.6791666666666667 0.00625 0.023148148148148116
0 0.48541666666666666 0.9856481481481482 0.006944444444444457 0.0185185185185184
0 0.3751736111111111 0.982175925925926 0.007291666666666686 0.018055555555555658
0 0.23489583333333333 0.6847222222222221 0.014236111111111087 0.018518518518518476
0 0.00954861111111111 0.7479166666666667 0.005902777777777778 0.015277777777777828
0 0.008159722222222221 0.7335648148148148 0.007291666666666666 0.015277777777777828
0 0.18211805555555557 0.919675925925926 0.009375 0.025462962962962896
0 0.7697916666666668 0.40393518518518523 0.009027777777777714 0.01805555555555558
0 0.7661458333333334 0.41458333333333336 0.005902777777777828 0.015277777777777753
0 0.6810763888888889 0.4069444444444445 0.006597222222222172 0.025
0 0.6682291666666668 0.4543981481481481 0.009375 0.016203703703703696
0 0.6564236111111111 0.4773148148148148 0.0065972222222222855 0.013888888888888914
0 0.6503472222222222 0.49907407407407406 0.005555555555555543 0.014814814814814857
0 0.654513888888889 0.5060185185185185 0.005555555555555656 0.015740740740740725
0 0.6588541666666667 0.49097222222222225 0.007291666666666629 0.020833333333333332
0 0.6670138888888889 0.4703703703703704 0.0069444444444443434 0.015740740740740725
0 0.673611111111111 0.47708333333333336 0.00625 0.023611111111111086
0 0.6368055555555556 0.5574074074074074 0.005555555555555543 0.014814814814814857
0 0.6331597222222222 0.5729166666666666 0.005902777777777714 0.016203703703703696
0 0.6302083333333333 0.5895833333333333 0.006944444444444457 0.01990740740740739
0 0.571875 0.6013888888888889 0.011111111111111086 0.019444444444444493
0 0.631076388888889 0.6162037037037038 0.010069444444444343 0.022222222222222247
0 0.38732638888888893 0.6046296296296297 0.008680555555555542 0.02037037037037036
0 0.24895833333333334 0.5793981481481482 0.008333333333333314 0.023611111111111086
0 0.25381944444444443 0.5270833333333333 0.008333333333333344 0.023611111111111086
0 0.2520833333333333 0.6125 0.00972222222222223 0.02037037037037036
0 0.37638888888888894 0.7004629629629631 0.007638888888888914 0.016666666666666666
0 0.37986111111111115 0.6861111111111111 0.006944444444444457 0.01574074074074065
0 0.38298611111111114 0.6631944444444445 0.006944444444444457 0.016203703703703696
0 0.3869791666666667 0.587962962962963 0.007986111111111086 0.013888888888888914
0 0.3904513888888889 0.5726851851851852 0.007291666666666686 0.018518518518518552
0 0.0421875 0.37222222222222223 0.006597222222222221 0.015740740740740725
0 0.044097222222222225 0.38981481481481484 0.004861111111111107 0.009259259259259276
0 0.03211805555555556 0.23171296296296298 0.006597222222222225 0.015277777777777753
0 0.031076388888888893 0.21018518518518522 0.008680555555555561 0.017592592592592573
0 0.275 0.19 0.006666666666666629 0.014074074074074057
0 0.27375 0.20351851851851852 0.006944444444444457 0.015185185185185218
0 0.28319444444444447 0.09944444444444443 0.010277777777777771 0.018148148148148153
0 0.2070833333333333 0.07907407407407406 0.0052777777777778 0.014444444444444439
0 0.20861111111111108 0.12796296296296297 0.009444444444444429 0.018888888888888896
0 0.21555555555555556 0.1275925925925926 0.010555555555555544 0.014444444444444458
0 0.02319444444444444 0.1794444444444444 0.006388888888888889 0.013703703703703734
0 0.04069444444444444 0.14833333333333334 0.004166666666666672 0.01
0 0.042638888888888886 0.1324074074074074 0.010277777777777778 0.014444444444444439
0 0.7229166666666668 0.13055555555555554 0.008055555555555543 0.01962962962962962
0 0.5027777777777778 0.023333333333333334 0.005 0.016296296296296295
0 0.5029166666666667 0.008703703703703703 0.0058333333333333145 0.012962962962962964
0 0.5072222222222221 0.017037037037037038 0.003888888888888857 0.017037037037037038
0 0.04 0.061851851851851845 0.008888888888888885 0.013333333333333334
0 0.20944444444444446 0.06166666666666667 0.008333333333333344 0.018148148148148153