0 0.24709302325581395 0.5228682170542636 0.017441860465116293 0.027131782945736403
0 0.19563953488372096 0.612015503875969 0.016860465116279075 0.0193798449612403
0 0.2116279069767442 0.6503875968992249 0.020930232558139552 0.02170542635658914
0 0.6052325581395348 0.18255813953488376 0.018604651162790673 0.024031007751937998
0 0.6441860465116279 0.07596899224806203 0.015116279069767528 0.013953488372093025
0 0.6034883720930233 0.2771317829457364 0.026744186046511687 0.03643410852713176
0 0.5936046511627907 0.20852713178294574 0.013953488372093033 0.01860465116279071
0 0.6281976744186047 0.8941860465116279 0.015697674418604608 0.024031007751937977
0 0.751453488372093 0.8926356589147287 0.026162790697674382 0.03178294573643416
0 0.8366279069767443 0.9228682170542635 0.018604651162790673 0.024031007751937977
0 0.9081395348837209 0.9674418604651163 0.020930232558139552 0.020155038759689888
0 0.9752906976744187 0.6790697674418604 0.015697674418604608 0.034108527131782924