0 0.6014018691588785 0.123208722741433 0.010747663551401842 0.007788161993769469
0 0.6376168224299065 0.059657320872274135 0.012149532710280481 0.012772585669781933
0 0.6318925233644859 0.10124610591900311 0.014719626168224295 0.011838006230529611
0 0.6359813084112149 0.11838006230529595 0.011214953271028094 0.014953271028037382
0 0.6717289719626167 0.6727414330218068 0.008411214953271042 0.01651090342679125
0 0.6740654205607476 0.7132398753894081 0.01121495327102798 0.016510903426791325
0 0.6371495327102803 0.6422118380062305 0.007009345794392516 0.010280373831775705
0 0.5907710280373831 0.654828660436137 0.007242990654205528 0.013707165109034273
0 0.6871495327102803 0.733644859813084 0.007476635514018654 0.011214953271028056
0 0.01698717948717949 0.6004273504273504 0.01217948717948718 0.021367521367521326
0 0.6118589743589744 0.7918803418803418 0.016025641025640993 0.02307692307692302
0 0.3810897435897435 0.20641025641025643 0.016025641025641052 0.02649572649572652
0 0.3919871794871794 0.461965811965812 0.013461538461538509 0.0213675213675214
0 0.528525641025641 0.5068376068376068 0.02115384615384619 0.025641025641025637
0 0.3765330188679245 0.5017295597484276 0.00919811320754718 0.01886792452830188
0 0.2599609375 0.1265625 0.011328125 0.01875
0 0.2873046875 0.20625 0.012109375 0.009375
0 0.5078629032258065 0.40573476702508954 0.006317204301075264 0.012903225806451625
0 0.5129704301075269 0.41550179211469535 0.006317204301075264 0.012365591397849433
0 0.5090725806451613 0.41388888888888886 0.004166666666666686 0.0051971326164875035
0 0.5160618279569892 0.4229390681003584 0.006317204301075322 0.005734767025089544