0 0.5747663551401869 0.25358255451713396 0.015420560747663558 0.013707165109034273
0 0.5911214953271028 0.26292834890965733 0.00794392523364479 0.008099688473520246
0 0.45070093457943927 0.19859813084112146 0.011682242990654174 0.008411214953271042
0 0.4490654205607476 0.20404984423676012 0.00747663551401871 0.008099688473520246
0 0.4535046728971962 0.2641744548286605 0.011214953271028037 0.007476635514018691
0 0.44567757009345793 0.2641744548286605 0.006308411214953253 0.009968847352024909
0 0.12231308411214953 0.2728971962616822 0.010046728971962609 0.013707165109034235
0 0.1300747863247863 0.18945868945868946 0.009081196581196565 0.011396011396011393
0 0.38653846153846155 0.1096153846153846 0.012019230769230773 0.017948717948717954
0 0.3510817307692307 0.2741987179487179 0.007932692307692321 0.01955128205128206
0 0.3569711538461538 0.27371794871794874 0.007692307692307679 0.007692307692307661
0 0.4579326923076923 0.9209935897435897 0.015865384615384583 0.011858974358974289
0 0.5057692307692307 0.8498397435897435 0.01105769230769232 0.01506410256410254
0 0.5359375 0.8258012820512819 0.010817307692307623 0.013782051282051271
0 0.5467548076923077 0.8205128205128205 0.007932692307692264 0.008974358974359045
0 0.56875 0.8016025641025641 0.0076923076923076225 0.010256410256410315
0 0.5983173076923076 0.7647435897435897 0.009615384615384642 0.008974358974359045
0 0.5872596153846154 0.7636217948717949 0.012980769230769284 0.01698717948717952
0 0.6564903846153846 0.7613782051282051 0.01201923076923083 0.015705128205128253
0 0.6731971153846154 0.7346153846153846 0.008894230769230717 0.019230769230769208
0 0.5236778846153846 0.7072115384615384 0.013221153846153924 0.01314102564102571
0 0.6834134615384614 0.7620192307692308 0.012980769230769169 0.01121794871794873
0 0.6530048076923076 0.783653846153846 0.01514423076923083 0.015384615384615396
0 0.5481971153846154 0.8854166666666666 0.010817307692307623 0.009294871794871748
0 0.6930288461538462 0.9463141025641025 0.012980769230769169 0.00801282051282063
0 0.7219951923076923 0.928525641025641 0.008894230769230717 0.016025641025640955
0 0.8108695652173913 0.8927536231884057 0.008695652173913118 0.011594202898550673
0 0.7781521739130434 0.9392753623188403 0.010217391304347756 0.015942028985507173
0 0.7675 0.9501449275362317 0.00978260869565213 0.01275362318840583
0 0.828695652173913 0.6663768115942028 0.010434782608695627 0.017391304347826084
0 0.827391304347826 0.6501449275362319 0.010869565217391255 0.016231884057971
0 0.7876086956521737 0.801014492753623 0.009130434782608632 0.014782608695652167
0 0.7875 0.81231884057971 0.006739130434782623 0.010144927536231838
0 0.8099999999999998 0.8356521739130434 0.011304347826086997 0.00927536231884066
0 0.8121739130434782 0.8442028985507245 0.008695652173913004 0.008405797101449328
0 0.6833695652173912 0.847246376811594 0.008043478260869619 0.011594202898550824
0 0.7346739130434783 0.9337681159420288 0.005434782608695628 0.013623188405797008
0 0.8281521739130434 0.05536231884057971 0.010652173913043498 0.012753623188405802
0 0.8165217391304348 0.08405797101449274 0.009565217391304372 0.010434782608695646
0 0.73 0.034202898550724635 0.011739130434782623 0.015072463768115942
0 0.7202173913043478 0.007826086956521738 0.008695652173913004 0.009855072463768114
0 0.03945652173913043 0.08840579710144925 0.010217391304347827 0.015072463768115938
0 0.056195652173913035 0.08797101449275363 0.008478260869565211 0.008985507246376813
0 0.07065217391304347 0.057681159420289854 0.01217391304347825 0.009855072463768115
0 0.07771739130434781 0.006666666666666665 0.009347826086956517 0.012173913043478259