0 0.3722222222222223 0.36111111111111116 0.015972222222222228 0.03148148148148153
0 0.2871527777777778 0.35555555555555557 0.02222222222222223 0.025
0 0.3263888888888889 0.5023148148148148 0.01875 0.02685185185185181
0 0.24635416666666668 0.21365740740740738 0.017013888888888887 0.02175925925925924
0 0.26493055555555556 0.05023148148148149 0.015972222222222228 0.02083333333333334
0 0.5831597222222221 0.1486111111111111 0.014930555555555542 0.02962962962962962
0 0.6524305555555556 0.038425925925925926 0.008333333333333371 0.014814814814814814
0 0.654513888888889 0.022453703703703705 0.008333333333333257 0.01435185185185185
0 0.7303819444444446 0.0125 0.008680555555555542 0.012962962962962964
0 0.654513888888889 0.055324074074074074 0.009027777777777829 0.013425925925925924
0 0.5819444444444445 0.22916666666666666 0.016666666666666743 0.021296296296296306
0 0.5067708333333334 0.274537037037037 0.008680555555555542 0.03518518518518518
0 0.6088541666666667 0.28240740740740744 0.0170138888888888 0.016666666666666666
0 0.3536458333333334 0.655324074074074 0.017013888888888856 0.02268518518518514
0 0.4831597222222223 0.5756944444444445 0.006597222222222228 0.01805555555555558
0 0.4902777777777778 0.5807870370370372 0.00972222222222223 0.013425925925925867
0 0.5388888888888889 0.7715277777777778 0.0125 0.022685185185185218
0 0.5618055555555557 0.7460648148148148 0.01944444444444446 0.01990740740740739
0 0.545138888888889 0.7525462962962964 0.005555555555555656 0.014351851851851885
0 0.5637152777777779 0.9622685185185186 0.014236111111111087 0.021759259259259124