0 0.2642307692307692 0.23282051282051278 0.020769230769230745 0.021538461538461548
0 0.32980769230769225 0.23871794871794874 0.020384615384615414 0.012820512820512818
0 0.31076923076923074 0.11820512820512821 0.01769230769230768 0.023076923076923075
0 0.5146153846153847 0.12307692307692307 0.026923076923076963 0.020512820512820516
0 0.13961538461538459 0.20820512820512818 0.015384615384615387 0.019487179487179485
0 0.03846153846153846 0.1146153846153846 0.01 0.018974358974358986
0 0.030576923076923074 0.12179487179487179 0.008076923076923077 0.024102564102564106
0 0.11480769230769229 0.16384615384615384 0.012692307692307694 0.014871794871794861
0 0.13038461538461538 0.14205128205128204 0.008461538461538467 0.013333333333333334
0 0.15730769230769232 0.15384615384615385 0.015384615384615387 0.015384615384615377
0 0.5475 0.7974358974358975 0.015769230769230716 0.019487179487179523
0 0.5748076923076922 0.7323076923076923 0.018076923076923095 0.019487179487179523