0 0.37429906542056074 0.25218068535825544 0.008411214953271042 0.013395638629283477
0 0.4339953271028037 0.06479750778816198 0.007710280373831722 0.009968847352024919
0 0.4442757009345794 0.07834890965732087 0.006775700934579448 0.014641744548286605
0 0.4724299065420561 0.027881619937694703 0.005140186915887852 0.01090342679127726
0 0.4717289719626168 0.04361370716510903 0.005607476635514047 0.014953271028037379
0 0.4636682242990654 0.07367601246105918 0.0030373831775700635 0.007788161993769469
0 0.4641355140186915 0.12757009345794393 0.005841121495327058 0.012772585669781941
0 0.43563084112149536 0.14236760124610592 0.003504672897196258 0.0087227414330218
0 0.43586448598130834 0.16775700934579438 0.0049065420560747836 0.00903426791277256
0 0.44579439252336445 0.16074766355140185 0.002803738317756995 0.007476635514018691
0 0.4436915887850467 0.19454828660436135 0.007943925233644848 0.007788161993769488
0 0.3603971962616822 0.024143302180685357 0.008177570093457917 0.010280373831775698
0 0.3532710280373832 0.0294392523364486 0.006074766355140184 0.014018691588785047
0 0.46530373831775695 0.1939252336448598 0.005373831775700921 0.010280373831775705
0 0.4686915887850467 0.20233644859813085 0.010280373831775705 0.011526479750778813
0 0.5178738317757009 0.21323987538940808 0.011915887850467356 0.009657320872274151
0 0.5170560747663551 0.21713395638629285 0.012149532710280426 0.011838006230529611
0 0.5455607476635514 0.22570093457943927 0.006542056074766379 0.009657320872274151
0 0.49228971962616824 0.24143302180685358 0.00747663551401871 0.013707165109034273
0 0.4106308411214953 0.2753894080996885 0.009579439252336442 0.009345794392523355
0 0.4117990654205607 0.2838006230529595 0.010514018691588774 0.012461059190031126
0 0.4299065420560747 0.2873831775700934 0.0130841121495327 0.013395638629283477
0 0.418107476635514 0.31822429906542055 0.008177570093457917 0.009657320872274151
0 0.418107476635514 0.3366043613707165 0.010514018691588831 0.0046728971962616776
0 0.4200934579439252 0.3409657320872274 0.00887850467289718 0.007788161993769488
0 0.45794392523364486 0.33785046728971957 0.011682242990654231 0.005919003115264786
0 0.5523364485981308 0.2722741433021807 0.010280373831775705 0.010591900311526502
0 0.29392523364485984 0.9158878504672897 0.012149532710280369 0.009345794392523355
0 0.240303738317757 0.5129283489096572 0.009579439252336442 0.007788161993769488
0 0.20677570093457945 0.22570093457943927 0.00654205607476635 0.009657320872274151
0 0.2269859813084112 0.1222741433021807 0.006308411214953253 0.015264797507788159
0 0.23563084112149532 0.06510903426791277 0.002570093457943926 0.008099688473520246
0 0.2372663551401869 0.05981308411214953 0.006775700934579448 0.011214953271028037
0 0.2630841121495327 0.2191588785046729 0.00560747663551399 0.012149532710280407
0 0.20093457943925233 0.24345794392523362 0.004672897196261687 0.010280373831775705
0 0.21320093457943926 0.29439252336448596 0.006308411214953282 0.0087227414330218
0 0.042523364485981305 0.5757009345794392 0.01261682242990654 0.010591900311526464
0 0.11366822429906541 0.9230529595015575 0.007710280373831779 0.009345794392523355
0 0.12675233644859812 0.9577881619937695 0.006308411214953267 0.014641744548286473
0 0.09894859813084111 0.9823987538940809 0.003971962616822424 0.008411214953271004
0 0.12932242990654202 0.9674454828660435 0.004906542056074756 0.009657320872274189
0 0.04836448598130841 0.7886292834890964 0.009345794392523367 0.009034267912772672
0 0.3320093457943925 0.9914330218068536 0.00887850467289718 0.013395638629283592
0 0.44287383177570094 0.7537383177570093 0.007710280373831779 0.012772585669781922
0 0.4887850467289719 0.7073208722741432 0.00747663551401871 0.014018691588785107
0 0.5195093457943926 0.7386292834890964 0.009579439252336442 0.012461059190031088
0 0.5366822429906543 0.4571651090342679 0.0037383177570094405 0.012149532710280407
0 0.543107476635514 0.4380062305295949 0.009579439252336442 0.014953271028037382
0 0.5397196261682243 0.45015576323987533 0.004205607476635464 0.008722741433021838
0 0.5355140186915888 0.44750778816199377 0.002803738317756938 0.006542056074766379