0 0.51756993006993 0.5166666666666667 0.009265734265734295 0.01888111888111886
0 0.6009615384615385 0.5963869463869464 0.010314685314685334 0.014685314685314704
0 0.41800699300699307 0.5897435897435898 0.006293706293706293 0.013053613053613087
0 0.4555944055944056 0.4770396270396271 0.011538461538461548 0.009090909090909084
0 0.45375874125874127 0.4637529137529138 0.009965034965034989 0.015151515151515166
0 0.4375 0.47377622377622386 0.006818181818181813 0.009557109557109545
0 0.40087412587412585 0.4782051282051282 0.007692307692307679 0.017016317016317013
0 0.4055944055944057 0.4836829836829837 0.003846153846153868 0.00792540792540793
0 0.38199300699300703 0.5636363636363637 0.007342657342657333 0.022377622377622326
0 0.33260489510489516 0.7196969696969697 0.008916083916083891 0.013286713286713317
0 0.3587412587412588 0.7416083916083916 0.006993006993006986 0.012354312354312393
0 0.37840909090909086 0.7473193473193473 0.0071678321678321595 0.013519813519813398
0 0.3948426573426574 0.7474358974358974 0.009265734265734238 0.014685314685314704
0 0.37552447552447554 0.9146853146853149 0.007692307692307679 0.01585081585081586
0 0.34047202797202797 0.9420745920745921 0.005419580419580427 0.013286713286713317
0 0.37377622377622377 0.9940559440559441 0.006993006993006986 0.006759906759906699
0 0.8711538461538462 0.410955710955711 0.00699300699300693 0.016783216783216783
0 0.7681818181818183 0.46561771561771564 0.005244755244755197 0.011888111888111931
0 0.7506993006993007 0.4460372960372961 0.009090909090909122 0.011421911421911395
0 0.8888111888111889 0.7903263403263403 0.010489510489510507 0.014685314685314704
0 0.6836711711711712 0.6072072072072071 0.011486486486486569 0.008408408408408377
0 0.6835585585585585 0.5539039039039039 0.009459459459459368 0.014714714714714774
0 0.6076576576576577 0.7234234234234234 0.012612612612612565 0.013213213213213143
0 0.5493243243243243 0.6887387387387386 0.012162162162162076 0.01351351351351347
0 0.6568693693693692 0.6312312312312311 0.01058558558558559 0.017417417417417407
0 0.6038288288288288 0.7639639639639639 0.008108108108108126 0.00900900900900903
0 0.5778153153153153 0.7836336336336335 0.017792792792792854 0.019519519519519538
0 0.586599099099099 0.7998498498498497 0.007882882882882882 0.0045045045045044385
0 0.5877252252252251 0.8150150150150149 0.006531531531531527 0.01201201201201214
0 0.5916666666666667 0.8106606606606606 0.0072072072072071475 0.012912912912912968
0 0.5012244897959183 0.795374149659864 0.006122448979591809 0.009251700680272127
0 0.4591836734693877 0.7448979591836734 0.009387755102040842 0.009251700680272127
0 0.46367346938775506 0.7365986394557822 0.0065306122448979525 0.005714285714285779
0 0.4053879310344828 0.4116379310344827 0.009482758620689652 0.015229885057471316
0 0.4604525862068966 0.37169540229885056 0.014008620689655174 0.015804597701149458
0 0.4882894736842105 0.4137719298245614 0.008157894736842138 0.015614035087719306
0 0.49611842105263154 0.41070175438596485 0.008026315789473699 0.013684210526315762
0 0.3780921052631579 0.43140350877192984 0.01039473684210526 0.01052631578947368
0 0.34907894736842104 0.4382456140350876 0.013157894736842082 0.008070175438596455
0 0.34111842105263157 0.43631578947368416 0.0075 0.012982456140350904
0 0.385 0.2771929824561403 0.009210526315789423 0.013333333333333334
0 0.41842105263157897 0.2263157894736842 0.00631578947368422 0.00947368421052632
0 0.3993421052631579 0.23385964912280702 0.008157894736842081 0.013333333333333334
0 0.40618421052631576 0.22903508771929823 0.007368421052631561 0.008245614035087707
0 0.3944244604316547 0.08465227817745803 0.011870503597122307 0.016306954436450846
0 0.4794964028776978 0.03597122302158273 0.010431654676258973 0.01486810551558753
0 0.5347122302158273 0.03836930455635491 0.01007194244604318 0.014388489208633094